// MilkShape 3D ASCII

Frames: 30
Frame: 1

Meshes: 2
"Triangles" 1 0
24
1 29.857140 7.623943 -12.273725 0.968734 0.062500 -1
1 29.912701 6.154470 -13.817142 1.000000 0.000000 -1
1 -30.078344 6.115191 -13.777862 0.000504 0.000000 -1
1 -30.142860 7.646755 -12.296535 0.030761 0.061492 -1
1 30.175114 -12.217604 7.401445 0.969239 0.936492 -1
1 30.142857 -13.749170 5.920122 1.000000 1.000000 -1
1 -29.880440 -13.749170 5.920122 0.000000 1.000000 -1
1 -29.824884 -12.240416 7.424257 0.031266 0.937500 -1
1 30.175117 -3.717458 13.083200 0.969239 0.653226 -1
1 -29.889400 -3.785887 13.151629 0.030257 0.656250 -1
1 -30.175117 13.083660 -3.717916 0.030257 0.375000 -1
1 29.921661 13.106470 -3.740727 0.969743 0.373992 -1
1 -30.046085 13.749170 -0.223976 0.032274 0.437500 -1
1 29.889404 13.749170 -0.223976 0.969239 0.437500 -1
1 -29.824884 8.974392 8.916436 0.031266 0.532258 -1
1 30.175117 9.042824 8.848006 0.969239 0.497984 -1
1 -29.857141 -0.291948 13.817142 0.030762 0.593750 -1
1 30.175117 -0.246328 13.771522 0.969239 0.591734 -1
1 -29.889400 -3.785887 13.151629 0.000000 0.000000 -1
1 -29.857141 -0.291948 13.817142 0.000000 0.000000 -1
1 -29.880440 -13.749170 5.920122 0.000000 0.000000 -1
1 -30.078344 6.115191 -13.777862 0.000000 0.000000 -1
1 30.142857 -13.749170 5.920122 0.000000 0.000000 -1
1 29.912701 6.154470 -13.817142 0.000000 0.000000 -1
19
0.553960 0.632291 -0.541606
0.584188 0.025968 -0.811203
-0.331586 -0.004986 -0.943412
-0.559199 0.661808 -0.499307
0.319199 -0.577777 0.751189
0.582892 -0.812549 0.000221
-0.814095 -0.580722 0.003360
-0.315583 -0.616848 0.721045
0.001488 -0.382491 0.923958
0.001106 -0.382182 0.924086
-0.000493 0.929940 -0.367710
-0.000113 0.930054 -0.367422
-0.000156 0.999432 0.033686
-0.000171 0.965503 0.260393
-0.000004 0.778441 0.627717
0.000105 0.633347 0.773868
0.000589 0.262705 0.964876
0.000893 0.030435 0.999536
0.000000 0.000000 0.000000
23
1 0 1 2 0 1 2 1
1 2 3 0 2 3 0 1
1 0 4 5 0 4 5 1
1 5 1 0 5 1 0 1
1 3 2 6 3 2 6 1
1 6 7 3 6 7 3 1
1 7 6 5 7 6 5 1
1 5 4 7 5 4 7 1
1 4 8 9 4 8 9 1
1 9 7 4 9 7 4 1
1 3 10 11 3 10 11 1
1 11 0 3 11 0 3 1
1 12 11 10 12 11 10 1
1 12 13 11 12 13 11 1
1 13 12 14 13 12 14 1
1 14 15 13 14 15 13 1
1 15 14 16 15 14 16 1
1 16 17 15 16 17 15 1
1 16 9 17 16 9 17 1
1 17 9 8 17 9 8 1
1 18 19 19 18 18 18 1
1 20 21 22 6 2 5 1
1 22 21 23 5 2 1 1
"Regroup02" 1 0
14
1 -30.046085 13.749170 -0.223976 0.934187 0.578973 -1
1 -29.857141 -0.291948 13.817142 0.942777 0.578973 -1
1 -29.824884 8.974392 8.916436 0.938639 0.541408 -1
1 29.857140 7.623943 -12.273725 0.927215 0.948017 -1
1 29.921661 13.106470 -3.740727 0.930696 0.651894 -1
1 30.175114 -12.217604 7.401445 0.949694 0.950200 -1
1 29.889404 13.749170 -0.223976 0.934187 0.578973 -1
1 30.175117 -3.717458 13.083200 0.946046 0.651894 -1
1 30.175117 9.042824 8.848006 0.938472 0.541408 -1
1 30.175117 -0.246328 13.771522 0.942666 0.578973 -1
1 -30.142860 7.646755 -12.296535 0.927159 0.948017 -1
1 -29.824884 -12.240416 7.424257 0.949748 0.950200 -1
1 -29.889400 -3.785887 13.151629 0.946213 0.651894 -1
1 -30.175117 13.083660 -3.717916 0.930753 0.651894 -1
14
-0.999181 0.021089 0.034534
-0.999415 0.015741 0.030350
-0.999102 0.022474 0.035919
0.999927 0.005209 -0.010907
0.999956 0.009103 -0.002056
0.999949 0.008617 -0.005183
0.999895 0.002675 -0.014221
0.999863 -0.001658 -0.016486
0.999799 -0.006310 -0.019011
1.000000 0.000000 0.000000
-0.999919 -0.011845 0.004638
-0.999927 -0.011022 0.005007
-0.999926 -0.006215 0.010418
-0.999796 0.004028 0.019801
10
1 0 1 2 0 1 2 1
1 3 4 5 3 4 5 1
1 5 4 6 5 4 6 1
1 7 5 6 7 5 6 1
1 6 8 7 6 8 7 1
1 7 8 9 7 8 9 1
1 10 11 12 10 11 12 1
1 12 13 10 12 13 10 1
1 13 12 1 13 12 1 1
1 1 0 13 1 0 13 1

Materials: 1
"Material01"
0.200000 0.200000 0.200000 1.000000
0.800000 0.800000 0.800000 1.000000
0.000000 0.000000 0.000000 1.000000
0.000000 0.000000 0.000000 1.000000
0.000000
1.000000
"textures/green.png"
""

Bones: 0
GroupComments: 0
MaterialComments: 0
BoneComments: 0
ModelComment: 0
