// MilkShape 3D ASCII

Frames: 30
Frame: 1

Meshes: 1
"Cylinder03" 0 0
26
0 32.000000 0.000001 -7.510643 1.000000 0.500000 -1
0 27.712812 -15.999999 -7.510643 0.933013 0.750000 -1
0 0.000000 0.000001 -7.510643 0.500000 0.500000 -1
0 32.000000 -0.000001 7.510643 1.000000 0.500000 -1
0 0.000000 -0.000001 7.510643 0.500000 0.500000 -1
0 27.712812 -16.000002 7.510643 0.933013 0.750000 -1
0 16.000000 -27.712811 -7.510643 0.750000 0.933013 -1
0 16.000000 -27.712814 7.510643 0.750000 0.933013 -1
0 0.000000 -31.999998 -7.510643 0.500000 1.000000 -1
0 0.000000 -32.000000 7.510643 0.500000 1.000000 -1
0 -16.000000 -27.712811 -7.510643 0.250000 0.933013 -1
0 -16.000000 -27.712814 7.510643 0.250000 0.933013 -1
0 -27.712812 -15.999999 -7.510643 0.066987 0.750000 -1
0 -27.712812 -16.000002 7.510643 0.066987 0.750000 -1
0 -32.000000 0.000001 -7.510643 0.000000 0.500000 -1
0 -32.000000 -0.000001 7.510643 0.000000 0.500000 -1
0 -27.712812 16.000002 -7.510643 0.066987 0.250000 -1
0 -27.712812 15.999999 7.510643 0.066987 0.250000 -1
0 -16.000000 27.712814 -7.510643 0.250000 0.066987 -1
0 -16.000000 27.712811 7.510643 0.250000 0.066987 -1
0 0.000000 32.000000 -7.510643 0.500000 0.000000 -1
0 0.000000 31.999998 7.510643 0.500000 0.000000 -1
0 16.000000 27.712814 -7.510643 0.750000 0.066987 -1
0 16.000000 27.712811 7.510643 0.750000 0.066987 -1
0 27.712812 16.000002 -7.510643 0.933013 0.250000 -1
0 27.712812 15.999999 7.510643 0.933013 0.250000 -1
24
0.000000 0.000000 -1.000000
0.000000 0.000000 1.000000
1.000000 0.000000 0.000000
0.866025 -0.500000 -0.000000
0.866025 -0.500000 -0.000000
0.500000 -0.866025 -0.000000
0.500000 -0.866025 -0.000000
0.000000 -1.000000 -0.000000
0.000000 -1.000000 -0.000000
-0.500000 -0.866025 -0.000000
-0.500000 -0.866025 -0.000000
-0.866025 -0.500000 -0.000000
-0.866025 -0.500000 -0.000000
-1.000000 0.000000 0.000000
-0.866025 0.500000 0.000000
-0.866025 0.500000 0.000000
-0.500000 0.866025 0.000000
-0.500000 0.866025 0.000000
-0.000000 1.000000 0.000000
0.000000 1.000000 0.000000
0.500000 0.866025 0.000000
0.500000 0.866025 0.000000
0.866025 0.500000 0.000000
0.866025 0.500000 0.000000
48
0 0 1 2 0 0 0 2
0 3 4 5 1 1 1 2
0 0 3 1 2 2 3 1
0 3 5 1 2 4 3 1
0 1 6 2 0 0 0 2
0 5 4 7 1 1 1 2
0 1 5 7 3 4 5 1
0 1 7 6 3 5 6 1
0 6 8 2 0 0 0 2
0 7 4 9 1 1 1 2
0 6 7 8 6 5 7 1
0 7 9 8 5 8 7 1
0 8 10 2 0 0 0 2
0 9 4 11 1 1 1 2
0 8 9 11 7 8 9 1
0 8 11 10 7 9 10 1
0 10 12 2 0 0 0 2
0 11 4 13 1 1 1 2
0 10 11 12 10 9 11 1
0 11 13 12 9 12 11 1
0 12 14 2 0 0 0 2
0 13 4 15 1 1 1 2
0 12 13 15 11 12 13 1
0 12 15 14 11 13 13 1
0 14 16 2 0 0 0 2
0 15 4 17 1 1 1 2
0 14 15 16 13 13 14 1
0 15 17 16 13 15 14 1
0 16 18 2 0 0 0 2
0 17 4 19 1 1 1 2
0 16 17 19 14 15 16 1
0 16 19 18 14 16 17 1
0 18 20 2 0 0 0 2
0 19 4 21 1 1 1 2
0 18 19 20 17 16 18 1
0 19 21 20 16 19 18 1
0 20 22 2 0 0 0 2
0 21 4 23 1 1 1 2
0 20 21 23 18 19 20 1
0 20 23 22 18 20 21 1
0 22 24 2 0 0 0 2
0 23 4 25 1 1 1 2
0 22 23 24 21 20 22 1
0 23 25 24 20 23 22 1
0 24 0 2 0 0 0 2
0 25 4 3 1 1 1 2
0 24 25 3 22 23 2 1
0 24 3 0 22 2 2 1

Materials: 1
"Material01"
0.200000 0.200000 0.200000 1.000000
0.800000 0.800000 0.800000 1.000000
0.000000 0.000000 0.000000 1.000000
0.000000 0.000000 0.000000 1.000000
0.000000
1.000000
"textures/taikotex.png"
""

Bones: 0
GroupComments: 0
MaterialComments: 0
BoneComments: 0
ModelComment: 0
