// MilkShape 3D ASCII

Frames: 30
Frame: 1

Meshes: 6
"side1" 0 3
4
0 -25.000000 25.000000 25.000000 0.000000 0.000000 -1
0 -25.000000 -25.000000 25.000000 0.000000 1.000000 -1
0 25.000000 25.000000 25.000000 1.000000 0.000000 -1
0 25.000000 -25.000000 25.000000 1.000000 1.000000 -1
1
0.000000 0.000000 1.000000
2
0 0 1 2 0 0 0 1
0 1 3 2 0 0 0 1
"Side2" 1 6
4
1 -25.000000 25.000000 -25.000000 0.000000 0.000000 -1
1 -25.000000 -25.000000 -25.000000 0.000000 1.000000 -1
1 -25.000000 25.000000 25.000000 1.000000 0.000000 -1
1 -25.000000 -25.000000 25.000000 1.000000 1.000000 -1
1
-1.000000 0.000000 0.000000
2
1 0 1 2 0 0 0 2
1 1 3 2 0 0 0 2
"side4" 0 5
4
0 25.000000 25.000000 25.000000 0.000000 0.000000 -1
0 25.000000 -25.000000 25.000000 0.000000 1.000000 -1
0 25.000000 25.000000 -25.000000 1.000000 0.000000 -1
0 25.000000 -25.000000 -25.000000 1.000000 1.000000 -1
1
1.000000 0.000000 0.000000
2
0 0 1 2 0 0 0 2
0 1 3 2 0 0 0 2
"side3" 0 4
4
0 25.000000 25.000000 -25.000000 0.000000 0.000000 -1
0 25.000000 -25.000000 -25.000000 0.000000 1.000000 -1
0 -25.000000 25.000000 -25.000000 1.000000 0.000000 -1
0 -25.000000 -25.000000 -25.000000 1.000000 1.000000 -1
1
0.000000 0.000000 -1.000000
2
0 0 1 2 0 0 0 1
0 1 3 2 0 0 0 1
"top" 0 1
4
0 -25.000000 25.000000 -25.000000 0.000000 0.000000 -1
0 -25.000000 25.000000 25.000000 0.000000 1.000000 -1
0 25.000000 25.000000 -25.000000 1.000000 0.000000 -1
0 25.000000 25.000000 25.000000 1.000000 1.000000 -1
1
0.000000 1.000000 0.000000
2
0 0 1 2 0 0 0 3
0 1 3 2 0 0 0 3
"bottom" 0 2
4
0 -25.000000 -25.000000 25.000000 0.000000 0.000000 -1
0 -25.204565 -25.000000 -25.000000 0.000000 1.000000 -1
0 24.795435 -25.000000 25.000000 1.000000 0.000000 -1
0 24.795435 -25.000000 -25.000000 1.000000 1.000000 -1
1
0.000000 -1.000000 0.000000
2
0 0 1 2 0 0 0 3
0 1 3 2 0 0 0 3

Materials: 7
"Material01"
0.200000 0.200000 0.200000 1.000000
0.800000 0.800000 0.800000 1.000000
0.000000 0.000000 0.000000 1.000000
0.000000 0.000000 0.000000 1.000000
0.000000
1.000000
"CubeTex0001.png"
""
"Top-1"
0.200000 0.200000 0.200000 1.000000
0.800000 0.800000 0.800000 1.000000
0.000000 0.000000 0.000000 1.000000
0.000000 0.000000 0.000000 1.000000
0.000000
1.000000
"CubeTex0001.png"
""
"Bottom-6"
0.200000 0.200000 0.200000 1.000000
0.800000 0.800000 0.800000 1.000000
0.000000 0.000000 0.000000 1.000000
0.000000 0.000000 0.000000 1.000000
0.000000
1.000000
"CubeTex0006.png"
""
"Side-2"
0.200000 0.200000 0.200000 1.000000
0.800000 0.800000 0.800000 1.000000
0.000000 0.000000 0.000000 1.000000
0.000000 0.000000 0.000000 1.000000
0.000000
1.000000
"CubeTex0002.png"
""
"Side-5"
0.200000 0.200000 0.200000 1.000000
0.800000 0.800000 0.800000 1.000000
0.000000 0.000000 0.000000 1.000000
0.000000 0.000000 0.000000 1.000000
0.000000
1.000000
"CubeTex0005.png"
""
"Side-4"
0.200000 0.200000 0.200000 1.000000
0.800000 0.800000 0.800000 1.000000
0.000000 0.000000 0.000000 1.000000
0.000000 0.000000 0.000000 1.000000
0.000000
1.000000
"CubeTex0004.png"
""
"Side-3"
0.200000 0.200000 0.200000 1.000000
0.800000 0.800000 0.800000 1.000000
0.000000 0.000000 0.000000 1.000000
0.000000 0.000000 0.000000 1.000000
0.000000
1.000000
"CubeTex0003.png"
""

Bones: 0
GroupComments: 0
MaterialComments: 0
BoneComments: 0
ModelComment: 0
