// MilkShape 3D ASCII

Frames: 30
Frame: 1

Meshes: 2
"cube10" 0 0
110
0 0.001084 0.235559 -0.174151 0.284469 0.612913 -1
0 -0.001084 0.235559 -0.174151 0.284469 0.612913 -1
0 -0.001084 0.287655 -0.174151 0.296560 0.612913 -1
0 0.001084 0.287655 -0.174151 0.296560 0.612913 -1
0 0.021672 0.183463 0.034233 0.272379 0.515072 -1
0 0.021672 0.391847 0.034233 0.320741 0.515072 -1
0 -0.021672 0.391847 0.034233 0.320741 0.515072 -1
0 -0.021672 0.183463 0.034233 0.272379 0.515072 -1
0 -0.021672 0.408604 0.034233 0.324630 0.515072 -1
0 0.021672 0.408604 0.034233 0.324630 0.515072 -1
0 0.021672 0.408604 -0.007443 0.324630 0.534640 -1
0 -0.021672 0.408604 -0.007443 0.324630 0.534640 -1
0 0.021672 0.408604 -0.049120 0.324630 0.554208 -1
0 -0.021672 0.408604 -0.049120 0.324630 0.554208 -1
0 0.021672 0.408604 -0.090797 0.324630 0.573777 -1
0 -0.021672 0.408604 -0.090797 0.324630 0.573777 -1
0 0.021672 0.408604 -0.132474 0.324630 0.593345 -1
0 -0.021672 0.408604 -0.132474 0.324630 0.593345 -1
0 0.021672 0.408604 -0.174151 0.324630 0.612913 -1
0 -0.021672 0.408604 -0.174151 0.324630 0.612913 -1
0 -0.001084 -0.111174 -0.174151 0.203999 0.612913 -1
0 -0.001084 -0.062068 -0.174151 0.215396 0.612913 -1
0 0.001084 -0.111174 -0.174151 0.203999 0.612913 -1
0 0.001084 -0.062068 -0.174151 0.215396 0.612913 -1
0 -0.021672 -0.602235 0.034233 0.090034 0.515072 -1
0 0.021672 -0.602235 0.034233 0.090034 0.515072 -1
0 -0.021672 0.391847 -0.174151 0.320741 0.612913 -1
0 0.021672 0.391847 -0.174151 0.320741 0.612913 -1
0 -0.001084 -0.307598 -0.174151 0.158413 0.612913 -1
0 0.001084 -0.307598 -0.174151 0.158413 0.612913 -1
0 0.001084 -0.356704 -0.174151 0.147016 0.612913 -1
0 -0.001084 -0.356704 -0.174151 0.147016 0.612913 -1
0 0.001084 0.036144 -0.174151 0.238189 0.612913 -1
0 -0.001084 0.036144 -0.174151 0.238189 0.612913 -1
0 -0.001084 0.085251 -0.174151 0.249586 0.612913 -1
0 0.001084 0.085251 -0.174151 0.249586 0.612913 -1
0 -0.001084 -0.504022 -0.174151 0.112827 0.612913 -1
0 -0.001084 -0.454916 -0.174151 0.124223 0.612913 -1
0 0.001084 -0.504022 -0.174151 0.112827 0.612913 -1
0 0.001084 -0.454916 -0.174151 0.124223 0.612913 -1
0 -0.001084 0.134357 -0.174151 0.260982 0.612913 -1
0 0.001084 0.134357 -0.174151 0.260982 0.612913 -1
0 0.001084 -0.160280 -0.174151 0.192603 0.612913 -1
0 -0.001084 -0.160280 -0.174151 0.192603 0.612913 -1
0 -0.001084 -0.258492 -0.174151 0.169810 0.612913 -1
0 0.001084 -0.258492 -0.174151 0.169810 0.612913 -1
0 0.001084 -0.553128 -0.174151 0.101430 0.612913 -1
0 -0.001084 -0.553128 -0.174151 0.101430 0.612913 -1
0 -0.001084 -0.602235 -0.174151 0.090034 0.612913 -1
0 0.001084 -0.602235 -0.174151 0.090034 0.612913 -1
0 -0.001084 -0.405810 -0.174151 0.135620 0.612913 -1
0 0.001084 -0.405810 -0.174151 0.135620 0.612913 -1
0 0.001084 -0.209386 -0.174151 0.181206 0.612913 -1
0 -0.001084 -0.209386 -0.174151 0.181206 0.612913 -1
0 -0.001084 -0.012962 -0.174151 0.226792 0.612913 -1
0 0.001084 -0.012962 -0.174151 0.226792 0.612913 -1
0 -0.001084 0.183463 -0.174151 0.272379 0.612913 -1
0 0.001084 0.183463 -0.174151 0.272379 0.612913 -1
0 -0.021672 0.193030 -0.090797 0.274599 0.573777 -1
0 -0.021672 0.093622 -0.090797 0.251529 0.573777 -1
0 -0.021672 -0.005786 -0.090797 0.228458 0.573777 -1
0 -0.021672 -0.105194 -0.090797 0.205387 0.573777 -1
0 -0.021672 -0.204602 -0.090797 0.182316 0.573777 -1
0 -0.021672 -0.602235 -0.090797 0.090034 0.573777 -1
0 -0.021672 -0.502826 -0.090797 0.113104 0.573777 -1
0 -0.021672 -0.403418 -0.090797 0.136175 0.573777 -1
0 -0.021672 -0.304010 -0.090797 0.159246 0.573777 -1
0 -0.021672 0.292439 -0.090797 0.297670 0.573777 -1
0 0.021672 0.391847 -0.090797 0.320741 0.573777 -1
0 0.021672 0.292439 -0.090797 0.297670 0.573777 -1
0 0.021672 0.391847 -0.132474 0.320741 0.593345 -1
0 -0.021672 0.391847 -0.132474 0.320741 0.593345 -1
0 -0.021672 0.391847 -0.090797 0.320741 0.573777 -1
0 -0.021672 0.391847 -0.049120 0.320741 0.554208 -1
0 -0.021672 0.391847 -0.007443 0.320741 0.534640 -1
0 0.021672 0.391847 -0.007443 0.320741 0.534640 -1
0 0.021672 0.391847 -0.049120 0.320741 0.554208 -1
0 0.009360 -0.840995 -0.054489 0.034622 0.556729 -1
0 0.009360 -0.846730 -0.041504 0.033291 0.550632 -1
0 -0.009360 -0.846730 -0.041504 0.033291 0.550632 -1
0 -0.009360 -0.840995 -0.054489 0.034622 0.556729 -1
0 -0.009360 -0.831791 -0.068223 0.036758 0.563177 -1
0 0.009360 -0.831791 -0.068223 0.036758 0.563177 -1
0 0.009360 -0.828828 -0.036492 0.037446 0.548279 -1
0 -0.009360 -0.828828 -0.036492 0.037446 0.548279 -1
0 -0.007808 -0.799970 -0.091160 0.044143 0.573947 -1
0 -0.008325 -0.808087 -0.091319 0.042259 0.574022 -1
0 -0.009360 -0.828010 -0.055544 0.037636 0.557224 -1
0 -0.008843 -0.817259 -0.086406 0.040131 0.571715 -1
0 -0.003153 -0.668754 -0.165636 0.074596 0.608915 -1
0 -0.005222 -0.727845 -0.134371 0.060882 0.594236 -1
0 -0.006256 -0.759506 -0.121361 0.053534 0.588127 -1
0 -0.007291 -0.785425 -0.104317 0.047519 0.580125 -1
0 0.007291 -0.785425 -0.104317 0.047519 0.580125 -1
0 0.006256 -0.759506 -0.121361 0.053534 0.588127 -1
0 0.005222 -0.727845 -0.134371 0.060882 0.594236 -1
0 0.003153 -0.668754 -0.165636 0.074596 0.608915 -1
0 0.008325 -0.808087 -0.091319 0.042259 0.574022 -1
0 0.007808 -0.799970 -0.091160 0.044143 0.573947 -1
0 0.008843 -0.817259 -0.086406 0.040131 0.571715 -1
0 0.021672 -0.204602 -0.090797 0.182316 0.573777 -1
0 0.021672 -0.105194 -0.090797 0.205387 0.573777 -1
0 0.021672 -0.005786 -0.090797 0.228458 0.573777 -1
0 0.021672 0.093622 -0.090797 0.251529 0.573777 -1
0 0.021672 0.193030 -0.090797 0.274599 0.573777 -1
0 0.021672 -0.602235 -0.090797 0.090034 0.573777 -1
0 0.021672 -0.502826 -0.090797 0.113104 0.573777 -1
0 0.021672 -0.403418 -0.090797 0.136175 0.573777 -1
0 0.021672 -0.304010 -0.090797 0.159246 0.573777 -1
0 0.009360 -0.828010 -0.055544 0.037636 0.557224 -1
71
0.000000 0.000000 -1.000000
0.000000 0.000000 1.000000
0.000000 1.000000 0.000000
0.000000 -0.084801 -0.996398
0.000000 -0.042400 -0.999101
-0.970824 0.000000 -0.239793
-0.986969 0.000000 -0.160909
-0.986969 0.000000 -0.160909
-0.970824 0.000000 -0.239793
-0.990430 0.000000 -0.138015
-0.997622 0.000000 -0.068924
-0.955820 -0.188870 -0.225248
-0.988893 -0.095496 -0.113889
1.000000 0.000000 0.000000
-1.000000 0.000000 0.000000
0.000000 -0.914760 -0.403997
0.000000 -0.830707 -0.556710
0.000000 -0.269624 0.962966
0.000000 -0.283816 0.958879
-0.998634 -0.008878 -0.051487
-0.997418 0.067476 0.024577
-0.999359 0.035031 0.007443
-0.999605 -0.016854 -0.022480
-0.990425 -0.054269 -0.126936
-0.997001 0.071754 0.028986
-0.970824 -0.000498 -0.239793
-0.976525 -0.032258 -0.212975
-0.978347 -0.059342 -0.198281
-0.980861 -0.060155 -0.185182
-0.988199 -0.067426 -0.137538
0.000000 -0.297946 0.954583
0.000000 -0.549423 -0.835545
0.000000 -0.438929 -0.898522
0.000000 -0.409713 -0.912215
0.000000 -0.467658 -0.883909
0.000000 0.019662 -0.999807
0.000000 -0.695578 -0.718450
0.000000 -0.597040 -0.802211
0.000000 -0.781159 -0.624332
0.000000 -0.781159 -0.624332
0.000000 -0.380101 -0.924945
0.000000 -0.126972 -0.991906
0.000000 -0.019662 0.999807
-0.979915 0.130983 0.150367
-0.997552 0.062979 0.030403
-0.943340 0.196455 0.267424
0.000000 -0.490368 -0.871516
0.999959 -0.009044 0.000000
0.990430 0.000000 -0.138015
0.986969 0.000000 -0.160909
0.986969 0.000000 -0.160909
0.995759 -0.023814 -0.088870
0.989206 -0.032835 -0.142803
0.970824 0.000000 -0.239793
0.967700 -0.094864 -0.233577
0.970824 0.000000 -0.239793
0.985021 -0.065556 -0.159488
0.980861 -0.060155 -0.185182
0.978347 -0.059342 -0.198281
0.976525 -0.032258 -0.212975
0.970824 -0.000249 -0.239793
-0.999338 -0.036369 -0.000785
-0.998527 -0.054255 0.000000
0.999628 -0.027278 -0.000589
0.999623 -0.027419 -0.001178
0.955820 -0.188870 -0.225248
0.999909 0.012957 -0.003864
0.999294 0.037381 -0.003727
0.999614 0.001128 -0.027775
0.998603 -0.010738 -0.051739
0.992153 -0.070254 -0.103429
216
0 0 1 2 0 0 0 1
0 2 3 0 0 0 0 1
0 4 5 6 1 1 1 4
0 6 7 4 1 1 1 4
0 8 9 10 2 2 2 1
0 10 11 8 2 2 2 1
0 10 12 11 2 2 2 1
0 12 13 11 2 2 2 1
0 12 14 13 2 2 2 1
0 14 15 13 2 2 2 1
0 14 16 15 2 2 2 1
0 16 17 15 2 2 2 1
0 16 18 17 2 2 2 1
0 18 19 17 2 2 2 1
0 20 21 22 0 0 0 1
0 21 23 22 0 0 0 1
0 7 24 25 1 1 1 1
0 7 25 4 1 1 1 1
0 3 2 26 0 0 0 4
0 26 27 3 0 0 0 4
0 28 29 30 0 0 0 1
0 28 30 31 0 0 0 1
0 32 33 34 0 0 0 1
0 34 35 32 0 0 0 1
0 36 37 38 0 0 0 1
0 37 39 38 0 0 0 1
0 34 40 35 0 0 0 1
0 40 41 35 0 0 0 1
0 20 22 42 0 0 0 1
0 20 42 43 0 0 0 1
0 28 44 29 0 0 0 1
0 44 45 29 0 0 0 1
0 46 47 36 0 0 0 1
0 36 38 46 0 0 0 1
0 48 47 49 3 0 4 4
0 47 46 49 0 0 4 4
0 50 51 39 0 0 0 1
0 50 39 37 0 0 0 1
0 50 31 51 0 0 0 1
0 31 30 51 0 0 0 1
0 45 44 52 0 0 0 1
0 44 53 52 0 0 0 1
0 53 43 52 0 0 0 1
0 43 42 52 0 0 0 1
0 23 21 54 0 0 0 1
0 54 55 23 0 0 0 1
0 54 33 55 0 0 0 1
0 33 32 55 0 0 0 1
0 41 40 56 0 0 0 1
0 56 57 41 0 0 0 1
0 56 1 0 0 0 0 1
0 56 0 57 0 0 0 1
0 56 58 1 5 6 5 5
0 40 59 58 5 6 6 5
0 40 58 56 5 6 5 5
0 34 59 40 5 6 5 5
0 33 60 59 5 7 6 5
0 33 59 34 5 6 5 5
0 54 60 33 8 7 5 5
0 21 61 60 8 7 7 5
0 21 60 54 8 7 8 5
0 20 61 21 8 7 8 5
0 43 62 61 8 9 7 5
0 43 61 20 8 7 8 5
0 53 62 43 8 9 8 5
0 47 48 63 8 5 7 5
0 64 37 36 7 8 8 5
0 64 36 47 7 8 8 5
0 64 47 63 7 8 7 5
0 65 31 50 7 8 8 5
0 65 50 37 7 8 8 5
0 65 37 64 7 8 7 5
0 66 44 28 7 8 8 5
0 66 28 31 7 8 8 5
0 66 31 65 7 8 7 5
0 62 53 44 9 8 8 5
0 62 44 66 9 8 7 5
0 1 58 67 5 6 10 5
0 1 67 2 5 10 5 5
0 2 67 26 11 11 12 2
0 68 69 70 13 13 13 9
0 69 27 70 13 13 13 9
0 71 17 19 14 14 14 2
0 19 26 71 14 12 14 2
0 72 15 17 14 14 14 2
0 17 71 72 14 14 14 2
0 73 13 15 14 14 14 2
0 15 72 73 14 14 14 2
0 74 11 73 14 14 14 2
0 11 13 73 14 14 14 2
0 6 8 74 14 14 14 2
0 8 11 74 14 14 14 2
0 5 9 8 1 1 1 4
0 8 6 5 1 1 1 4
0 75 10 9 13 13 13 2
0 75 9 5 13 13 13 2
0 76 12 10 13 13 13 2
0 76 10 75 13 13 13 2
0 68 14 12 13 13 13 2
0 68 12 76 13 13 13 2
0 70 16 14 13 13 13 2
0 70 14 68 13 13 13 2
0 27 18 16 13 13 13 2
0 27 16 70 13 13 13 2
0 26 19 27 0 0 0 4
0 19 18 27 0 0 0 4
0 77 78 79 15 15 15 1
0 79 80 77 15 15 15 1
0 80 81 82 16 16 16 4
0 80 82 77 16 16 16 4
0 78 83 84 17 18 18 4
0 84 79 78 18 17 17 4
0 85 86 81 19 20 21 7
0 85 81 87 19 21 22 7
0 85 87 63 19 22 23 7
0 86 88 81 20 24 21 7
0 63 48 89 23 25 26 7
0 63 89 90 23 26 27 7
0 63 90 91 23 27 28 7
0 63 91 92 23 28 29 7
0 63 92 85 23 29 19 7
0 84 83 25 18 18 30 4
0 25 24 84 30 30 18 4
0 93 92 91 31 31 31 8
0 93 91 94 31 31 31 8
0 95 90 89 32 33 34 2
0 95 89 96 32 34 34 2
0 97 86 85 35 35 35 2
0 97 85 98 35 35 35 2
0 88 99 82 36 37 38 9
0 82 81 88 38 39 36 9
0 95 94 90 32 40 33 2
0 94 91 90 40 40 33 2
0 49 96 48 4 41 3 4
0 96 89 48 41 41 3 4
0 98 85 97 42 42 42 3
0 85 86 97 42 42 42 3
0 86 85 92 43 44 43 6
0 92 88 86 43 45 43 6
0 93 99 92 46 37 46 9
0 99 88 92 37 36 46 9
0 4 25 100 13 47 48 6
0 4 100 101 13 48 49 6
0 4 102 103 13 50 50 6
0 4 103 104 13 50 50 6
0 4 104 69 13 50 51 6
0 4 69 5 13 51 13 6
0 25 105 106 47 52 49 6
0 25 106 107 47 49 50 6
0 25 107 108 47 50 49 6
0 108 100 25 49 48 47 6
0 101 102 4 49 50 13 6
0 69 68 76 51 13 13 6
0 75 69 76 13 51 13 6
0 5 69 75 13 51 13 6
0 0 3 69 53 54 51 6
0 0 69 104 53 51 50 6
0 108 107 30 49 50 55 6
0 108 30 29 49 55 55 6
0 107 106 39 50 49 55 6
0 107 39 51 50 55 55 6
0 107 51 30 50 55 55 6
0 106 46 38 49 55 55 6
0 106 38 39 49 55 55 6
0 105 93 94 52 56 57 6
0 105 94 95 52 57 58 6
0 105 96 49 52 59 60 6
0 105 49 46 52 60 55 6
0 105 46 106 52 55 49 6
0 96 105 95 59 52 58 6
0 29 45 108 55 55 49 6
0 45 100 108 55 48 49 6
0 45 52 100 55 55 48 6
0 52 42 100 55 55 48 6
0 42 101 100 55 49 48 6
0 42 22 101 55 55 49 6
0 22 23 101 55 55 49 6
0 23 102 101 55 50 49 6
0 23 55 102 55 53 50 6
0 55 32 102 53 53 50 6
0 32 103 102 53 50 50 6
0 32 35 103 53 53 50 6
0 35 41 103 53 53 50 6
0 41 104 103 53 50 50 6
0 41 57 104 53 53 50 6
0 57 0 104 53 53 50 6
0 6 74 67 14 14 10 5
0 74 73 67 14 14 10 5
0 73 72 67 14 14 10 5
0 66 65 24 7 7 14 5
0 65 64 24 7 7 14 5
0 64 63 24 7 7 14 5
0 24 62 66 14 9 7 5
0 7 6 67 14 14 10 5
0 7 67 58 14 10 6 5
0 7 58 59 14 6 6 5
0 7 59 60 14 6 7 5
0 7 60 61 14 7 7 5
0 7 61 62 14 7 9 5
0 7 62 24 14 9 14 5
0 79 84 87 14 61 22 7
0 79 87 81 14 22 21 7
0 79 81 80 14 21 14 7
0 84 24 63 61 62 23 7
0 84 63 87 61 23 22 7
0 77 83 78 13 63 13 6
0 83 77 109 63 13 64 6
0 83 109 105 63 64 52 6
0 83 105 25 63 52 47 6
0 67 72 71 14 14 14 9
0 71 26 67 14 14 14 9
0 27 69 3 65 51 54 6
0 82 99 109 66 67 68 3
0 82 109 77 66 68 13 3
0 99 93 109 67 69 68 3
0 93 105 109 69 70 68 3
"cylinder7" 0 0
280
0 -0.000000 0.393950 -0.146368 0.321229 0.599869 -1
0 -0.000000 0.393950 0.020259 0.321229 0.521633 -1
0 -0.077495 0.434455 0.124035 0.330629 0.472908 -1
0 -0.077495 0.434455 -0.250144 0.330629 0.648594 -1
0 0.094583 0.774325 -0.023877 0.409506 0.542356 -1
0 0.102376 0.774325 -0.063055 0.409506 0.560751 -1
0 0.102047 0.823744 -0.068246 0.420976 0.563189 -1
0 0.092292 0.823744 -0.019207 0.420976 0.540163 -1
0 0.072390 0.774325 0.009336 0.409506 0.526762 -1
0 0.068487 0.823744 0.012774 0.420976 0.525147 -1
0 0.039177 0.774325 0.031528 0.409506 0.516342 -1
0 0.034255 0.823744 0.033211 0.420976 0.515552 -1
0 -0.000000 0.774325 0.039321 0.409506 0.512683 -1
0 -0.005192 0.823744 0.038992 0.420976 0.512837 -1
0 -0.039177 0.774325 0.031528 0.409506 0.516342 -1
0 -0.043848 0.823744 0.029238 0.420976 0.517417 -1
0 -0.072390 0.774325 0.009336 0.409506 0.526762 -1
0 -0.075829 0.823744 0.005432 0.420976 0.528594 -1
0 -0.094583 0.774325 -0.023877 0.409506 0.542356 -1
0 -0.096266 0.823744 -0.028799 0.420976 0.544667 -1
0 -0.102376 0.774325 -0.063055 0.409506 0.560751 -1
0 -0.102047 0.823744 -0.057863 0.420976 0.558313 -1
0 -0.096266 0.823744 -0.097310 0.420976 0.576835 -1
0 -0.094583 0.774325 -0.102232 0.409506 0.579146 -1
0 -0.075829 0.823744 -0.131542 0.420976 0.592907 -1
0 -0.072390 0.774325 -0.135445 0.409506 0.594740 -1
0 -0.043848 0.823744 -0.155347 0.420976 0.604085 -1
0 -0.039177 0.774325 -0.157637 0.409506 0.605160 -1
0 -0.005192 0.823744 -0.165102 0.420976 0.608665 -1
0 -0.000000 0.774325 -0.165430 0.409506 0.608819 -1
0 0.034255 0.823744 -0.159321 0.420976 0.605950 -1
0 0.039177 0.774325 -0.157637 0.409506 0.605160 -1
0 0.068487 0.823744 -0.138884 0.420976 0.596355 -1
0 0.072390 0.774325 -0.135445 0.409506 0.594740 -1
0 0.092292 0.823744 -0.106903 0.420976 0.581339 -1
0 0.094583 0.774325 -0.102232 0.409506 0.579146 -1
0 0.103024 0.873163 -0.063055 0.432445 0.560751 -1
0 0.095182 0.873163 -0.023629 0.432445 0.542240 -1
0 0.070170 0.972001 0.007115 0.455383 0.527804 -1
0 0.091681 0.972001 -0.025079 0.455383 0.542920 -1
0 0.091681 1.021420 -0.025079 0.466852 0.542920 -1
0 0.070170 1.021420 0.007115 0.466852 0.527804 -1
0 0.037976 0.972001 0.028626 0.455383 0.517704 -1
0 0.037976 1.021420 0.028626 0.466852 0.517704 -1
0 -0.000000 0.972001 0.036180 0.455383 0.514158 -1
0 -0.000000 1.021420 0.036180 0.466852 0.514158 -1
0 -0.037976 0.972001 0.028626 0.455383 0.517704 -1
0 -0.037976 1.021420 0.028626 0.466852 0.517704 -1
0 -0.070170 0.972001 0.007115 0.455383 0.527804 -1
0 -0.070170 1.021420 0.007115 0.466852 0.527804 -1
0 -0.091681 0.972001 -0.025079 0.455383 0.542920 -1
0 -0.091681 1.021420 -0.025079 0.466852 0.542920 -1
0 -0.099235 0.972001 -0.063055 0.455383 0.560751 -1
0 -0.099235 1.021420 -0.063055 0.466852 0.560751 -1
0 -0.091681 0.972001 -0.101030 0.455383 0.578582 -1
0 -0.091681 1.021420 -0.101030 0.466852 0.578582 -1
0 -0.070170 0.972001 -0.133224 0.455383 0.593698 -1
0 -0.070170 1.021420 -0.133224 0.466852 0.593698 -1
0 -0.037976 0.972001 -0.154736 0.455383 0.603798 -1
0 -0.037976 1.021420 -0.154736 0.466852 0.603798 -1
0 -0.000000 0.972001 -0.162290 0.455383 0.607344 -1
0 -0.000000 1.021420 -0.162290 0.466852 0.607344 -1
0 0.037976 0.972001 -0.154736 0.455383 0.603798 -1
0 0.037976 1.021420 -0.154736 0.466852 0.603798 -1
0 0.070170 0.972001 -0.133224 0.455383 0.593698 -1
0 0.070170 1.021420 -0.133224 0.466852 0.593698 -1
0 0.091681 1.021420 -0.101030 0.466852 0.578582 -1
0 0.091681 0.972001 -0.101030 0.455383 0.578582 -1
0 0.099235 0.972001 -0.063055 0.455383 0.560751 -1
0 0.099235 1.021420 -0.063055 0.466852 0.560751 -1
0 0.077495 0.501150 0.124035 0.346108 0.472908 -1
0 0.034930 0.477811 0.035954 0.340691 0.514264 -1
0 -0.005617 0.477811 0.041785 0.340691 0.511526 -1
0 -0.000000 0.501150 0.186886 0.346108 0.443397 -1
0 -0.077495 0.501150 0.124035 0.346108 0.472908 -1
0 -0.045310 0.477811 0.031655 0.340691 0.516282 -1
0 -0.077495 0.501150 -0.250144 0.346108 0.648594 -1
0 -0.045310 0.477811 -0.157764 0.340691 0.605219 -1
0 -0.005617 0.477811 -0.167894 0.340691 0.609976 -1
0 -0.000000 0.501150 -0.312996 0.346108 0.678105 -1
0 0.077495 0.501150 -0.250144 0.346108 0.648594 -1
0 0.034930 0.477811 -0.162063 0.340691 0.607238 -1
0 0.078739 0.623444 -0.027146 0.374490 0.543891 -1
0 0.086487 0.623444 -0.066098 0.374490 0.562180 -1
0 0.093755 0.675487 -0.066982 0.386568 0.562595 -1
0 0.085116 0.675487 -0.023548 0.386568 0.542201 -1
0 0.072390 0.724906 0.009336 0.398037 0.526762 -1
0 0.063518 0.675487 0.006017 0.386568 0.528320 -1
0 0.094583 0.724906 -0.023877 0.398037 0.542356 -1
0 0.039177 0.724906 0.031528 0.398037 0.516342 -1
0 0.032250 0.675487 0.025067 0.386568 0.519376 -1
0 -0.000000 0.724906 0.039321 0.398037 0.512683 -1
0 -0.003927 0.675487 0.030701 0.386568 0.516730 -1
0 -0.039177 0.724906 0.031528 0.398037 0.516342 -1
0 -0.039507 0.675487 0.022061 0.386568 0.520787 -1
0 -0.072390 0.724906 0.009336 0.398037 0.526762 -1
0 -0.069072 0.675487 0.000463 0.386568 0.530928 -1
0 -0.094583 0.724906 -0.023877 0.398037 0.542356 -1
0 -0.088122 0.675487 -0.030804 0.386568 0.545609 -1
0 -0.102376 0.724906 -0.063055 0.398037 0.560751 -1
0 -0.093755 0.675487 -0.059127 0.386568 0.558907 -1
0 -0.094583 0.724906 -0.102232 0.398037 0.579146 -1
0 -0.088122 0.675487 -0.095305 0.386568 0.575893 -1
0 -0.072390 0.724906 -0.135445 0.398037 0.594740 -1
0 -0.069072 0.675487 -0.126573 0.386568 0.590574 -1
0 -0.039177 0.724906 -0.157637 0.398037 0.605160 -1
0 -0.039507 0.675487 -0.148170 0.386568 0.600715 -1
0 -0.000000 0.724906 -0.165430 0.398037 0.608819 -1
0 -0.003927 0.675487 -0.156810 0.386568 0.604772 -1
0 0.039177 0.724906 -0.157637 0.398037 0.605160 -1
0 0.032250 0.675487 -0.151176 0.386568 0.602126 -1
0 0.072390 0.724906 -0.135445 0.398037 0.594740 -1
0 0.063518 0.675487 -0.132127 0.386568 0.593182 -1
0 0.094583 0.724906 -0.102232 0.398037 0.579146 -1
0 0.085116 0.675487 -0.102562 0.386568 0.579301 -1
0 0.102376 0.724906 -0.063055 0.398037 0.560751 -1
0 0.072849 0.873163 0.009794 0.432445 0.526546 -1
0 0.095182 0.922582 -0.023629 0.443914 0.542240 -1
0 0.072849 0.922582 0.009794 0.443914 0.526546 -1
0 0.039426 0.873163 0.032127 0.432445 0.516061 -1
0 0.039426 0.922582 0.032127 0.443914 0.516061 -1
0 -0.000000 0.873163 0.039969 0.432445 0.512378 -1
0 -0.000000 0.922582 0.039969 0.443914 0.512378 -1
0 -0.039426 0.873163 0.032127 0.432445 0.516061 -1
0 -0.039426 0.922582 0.032127 0.443914 0.516061 -1
0 -0.072849 0.873163 0.009794 0.432445 0.526546 -1
0 -0.072849 0.922582 0.009794 0.443914 0.526546 -1
0 -0.095182 0.873163 -0.023629 0.432445 0.542240 -1
0 -0.095182 0.922582 -0.023629 0.443914 0.542240 -1
0 -0.103024 0.873163 -0.063055 0.432445 0.560751 -1
0 -0.103024 0.922582 -0.063055 0.443914 0.560751 -1
0 -0.095182 0.873163 -0.102480 0.432445 0.579262 -1
0 -0.095182 0.922582 -0.102480 0.443914 0.579262 -1
0 -0.072849 0.873163 -0.135904 0.432445 0.594956 -1
0 -0.072849 0.922582 -0.135904 0.443914 0.594956 -1
0 -0.039426 0.873163 -0.158237 0.432445 0.605441 -1
0 -0.039426 0.922582 -0.158237 0.443914 0.605441 -1
0 -0.006702 0.873163 -0.164746 0.432445 0.608498 -1
0 -0.006702 0.922582 -0.164746 0.443914 0.608498 -1
0 0.045107 0.873163 -0.154440 0.432445 0.603659 -1
0 0.045107 0.922582 -0.154440 0.443914 0.603659 -1
0 0.072849 0.873163 -0.135904 0.432445 0.594956 -1
0 0.072849 0.922582 -0.135904 0.443914 0.594956 -1
0 0.095182 0.922582 -0.102480 0.443914 0.579262 -1
0 0.095182 0.873163 -0.102480 0.432445 0.579262 -1
0 0.103024 0.922582 -0.063055 0.443914 0.560751 -1
0 0.071261 0.577639 -0.031886 0.363859 0.546116 -1
0 0.077764 0.577639 -0.064581 0.363859 0.561467 -1
0 0.058980 0.623444 0.000269 0.374490 0.531019 -1
0 0.053904 0.577639 -0.006985 0.363859 0.534425 -1
0 0.030258 0.623444 0.018019 0.374490 0.522685 -1
0 0.028344 0.577639 0.009375 0.363859 0.526743 -1
0 -0.001531 0.577639 0.014708 0.363859 0.524239 -1
0 -0.003071 0.623444 0.023427 0.374490 0.520146 -1
0 -0.035932 0.623444 0.015669 0.374490 0.523788 -1
0 -0.031173 0.577639 0.008203 0.363859 0.527294 -1
0 -0.063323 0.623444 -0.004074 0.374490 0.533058 -1
0 -0.056068 0.577641 -0.009149 0.363860 0.535441 -1
0 -0.081025 0.623395 -0.032572 0.374479 0.546439 -1
0 -0.072428 0.577643 -0.034706 0.363860 0.547440 -1
0 -0.077777 0.577643 -0.061594 0.363860 0.560065 -1
0 -0.086574 0.623447 -0.065666 0.374490 0.561977 -1
0 -0.072419 0.577669 -0.091437 0.363866 0.574077 -1
0 -0.081074 0.623447 -0.093316 0.374490 0.574959 -1
0 -0.063322 0.623446 -0.122037 0.374490 0.588445 -1
0 -0.056069 0.577639 -0.116959 0.363859 0.586060 -1
0 -0.035932 0.623444 -0.141778 0.374490 0.597714 -1
0 -0.031173 0.577639 -0.134313 0.363859 0.594208 -1
0 -0.003071 0.623444 -0.149537 0.374490 0.601356 -1
0 -0.001531 0.577639 -0.140818 0.363859 0.597263 -1
0 0.030258 0.623444 -0.144129 0.374490 0.598817 -1
0 0.028344 0.577639 -0.135484 0.363859 0.594759 -1
0 0.058980 0.623444 -0.126378 0.374490 0.590483 -1
0 0.053904 0.577639 -0.119124 0.363859 0.587077 -1
0 0.078723 0.623444 -0.098987 0.374490 0.577622 -1
0 0.071258 0.577639 -0.094228 0.363859 0.575388 -1
0 0.071845 1.120258 -0.031575 0.489791 0.545971 -1
0 0.081220 1.074656 -0.025782 0.479207 0.543251 -1
0 0.078423 1.120258 -0.064644 0.489791 0.561497 -1
0 0.089301 1.074656 -0.066408 0.479207 0.562326 -1
0 0.060774 1.074656 0.002462 0.479207 0.529989 -1
0 0.031076 1.074656 0.020732 0.479207 0.521411 -1
0 -0.003354 1.074656 0.026246 0.479207 0.518822 -1
0 -0.037273 1.074656 0.018165 0.479207 0.522616 -1
0 -0.065517 1.074656 -0.002281 0.479207 0.532216 -1
0 -0.083782 1.074594 -0.031895 0.479193 0.546121 -1
0 -0.089339 1.074656 -0.066219 0.479207 0.562237 -1
0 -0.083787 1.074656 -0.094130 0.479207 0.575342 -1
0 -0.065517 1.074656 -0.123829 0.479207 0.589286 -1
0 -0.038097 1.074656 -0.143724 0.479207 0.598627 -1
0 0.004081 1.074656 -0.152211 0.479207 0.602612 -1
0 0.031076 1.074656 -0.146842 0.479207 0.600091 -1
0 0.060774 1.074656 -0.128572 0.479207 0.591513 -1
0 0.081220 1.074656 -0.100327 0.479207 0.578251 -1
0 0.071048 0.530398 -0.031946 0.352896 0.546145 -1
0 0.094709 0.477811 -0.017745 0.340691 0.539477 -1
0 0.077544 0.530398 -0.064606 0.352896 0.561479 -1
0 0.104839 0.477811 -0.068672 0.340691 0.563389 -1
0 0.053714 0.530398 -0.007112 0.352896 0.534484 -1
0 0.070161 0.477811 0.015050 0.340691 0.524079 -1
0 0.028217 0.530398 0.009185 0.352896 0.526832 -1
0 -0.001576 0.530398 0.014485 0.352896 0.524344 -1
0 -0.031129 0.530398 0.007979 0.352896 0.527399 -1
0 -0.055943 0.530398 -0.009341 0.352896 0.535531 -1
0 -0.078105 0.477811 0.007106 0.340691 0.527809 -1
0 -0.072200 0.530456 -0.034733 0.352909 0.547453 -1
0 -0.099009 0.477811 -0.028124 0.340691 0.544350 -1
0 -0.104839 0.477811 -0.057437 0.340691 0.558113 -1
0 -0.077578 0.530398 -0.064435 0.352896 0.561399 -1
0 -0.072240 0.530398 -0.091272 0.352896 0.574000 -1
0 -0.099009 0.477811 -0.097985 0.340691 0.577152 -1
0 -0.078105 0.477811 -0.133215 0.340691 0.593693 -1
0 -0.055943 0.530398 -0.116769 0.352896 0.585971 -1
0 -0.031129 0.530398 -0.134089 0.352896 0.594103 -1
0 -0.001576 0.530398 -0.140594 0.352896 0.597158 -1
0 0.028217 0.530398 -0.135295 0.352896 0.594670 -1
0 0.070161 0.477811 -0.141160 0.340691 0.597423 -1
0 0.053714 0.530398 -0.118998 0.352896 0.587018 -1
0 0.094709 0.477811 -0.108365 0.340691 0.582025 -1
0 0.071034 0.530398 -0.094184 0.352896 0.575367 -1
0 0.114176 1.216721 -0.008092 0.512178 0.534944 -1
0 0.126519 1.216721 -0.070146 0.512178 0.564080 -1
0 0.084483 1.216721 0.031303 0.512178 0.516447 -1
0 0.054329 1.120258 -0.006478 0.489791 0.534187 -1
0 0.041994 1.216721 0.056323 0.512178 0.504700 -1
0 0.028543 1.120258 0.010006 0.489791 0.526447 -1
0 -0.006834 1.216721 0.063179 0.512178 0.501481 -1
0 -0.001589 1.120258 0.015368 0.489791 0.523930 -1
0 -0.054569 1.216721 0.050826 0.512178 0.507281 -1
0 -0.031479 1.120258 0.008790 0.489791 0.527018 -1
0 -0.093944 1.216721 0.021147 0.512178 0.521216 -1
0 -0.056577 1.120258 -0.008725 0.489791 0.535242 -1
0 -0.118915 1.216853 -0.021164 0.512209 0.541082 -1
0 -0.073061 1.120258 -0.034512 0.489791 0.547349 -1
0 -0.125890 1.216721 -0.069816 0.512178 0.563926 -1
0 -0.078423 1.120258 -0.061465 0.489791 0.560005 -1
0 -0.118964 1.216721 -0.104635 0.512178 0.580274 -1
0 -0.073061 1.120258 -0.091597 0.489791 0.574153 -1
0 -0.093944 1.216721 -0.147123 0.512178 0.600223 -1
0 -0.056577 1.120258 -0.117384 0.489791 0.586260 -1
0 -0.054569 1.216721 -0.176803 0.512178 0.614159 -1
0 -0.031479 1.120258 -0.134900 0.489791 0.594484 -1
0 -0.006834 1.216721 -0.189155 0.512178 0.619958 -1
0 -0.001589 1.120258 -0.141477 0.489791 0.597572 -1
0 0.041994 1.216721 -0.182299 0.512178 0.616740 -1
0 0.028543 1.120258 -0.136116 0.489791 0.595055 -1
0 0.084483 1.216721 -0.157280 0.512178 0.604992 -1
0 0.054329 1.120258 -0.119632 0.489791 0.587315 -1
0 0.114162 1.216721 -0.117905 0.512178 0.586505 -1
0 0.071845 1.120258 -0.094534 0.489791 0.575531 -1
0 0.126519 1.360537 -0.070146 0.545555 0.564080 -1
0 0.114162 1.360537 -0.117905 0.545555 0.586505 -1
0 -0.118964 1.360537 -0.104635 0.545555 0.580274 -1
0 -0.118915 1.360668 -0.021164 0.545585 0.541082 -1
0 0.114176 1.360537 -0.008092 0.545555 0.534944 -1
0 0.084483 1.360537 -0.157280 0.545555 0.604992 -1
0 -0.093944 1.360537 -0.147123 0.545555 0.600223 -1
0 0.041994 1.360537 -0.182299 0.545555 0.616740 -1
0 -0.054569 1.360537 -0.176803 0.545555 0.614159 -1
0 -0.006834 1.360537 -0.189155 0.545555 0.619958 -1
0 -0.125890 1.360537 -0.069816 0.545555 0.563926 -1
0 -0.054569 1.360537 0.050826 0.545555 0.507281 -1
0 -0.006834 1.360537 0.063179 0.545555 0.501481 -1
0 0.041994 1.360537 0.056323 0.545555 0.504700 -1
0 -0.093944 1.360537 0.021147 0.545555 0.521216 -1
0 0.084483 1.360537 0.031303 0.545555 0.516447 -1
0 0.077495 0.434455 0.124035 0.330629 0.472908 -1
0 0.110343 0.434455 0.102086 0.330629 0.483213 -1
0 0.110343 0.501150 0.102086 0.346108 0.483213 -1
0 -0.000000 0.434455 0.186886 0.330629 0.443397 -1
0 -0.110343 0.434455 -0.228195 0.330629 0.638289 -1
0 -0.110343 0.501150 -0.228195 0.346108 0.638289 -1
0 -0.000000 0.434455 -0.312996 0.330629 0.678105 -1
0 0.077495 0.434455 -0.250144 0.330629 0.648594 -1
0 0.110343 0.501150 -0.228195 0.346108 0.638289 -1
0 -0.110343 0.501150 0.102086 0.346108 0.483213 -1
0 -0.110343 0.434455 0.102086 0.330629 0.483213 -1
0 0.110343 0.434455 -0.228195 0.330629 0.638289 -1
0 0.110343 0.434455 -0.063055 0.330629 0.560751 -1
0 -0.110343 0.434455 -0.063055 0.330629 0.560751 -1
370
0.000000 -1.000000 0.000000
-0.678151 -0.438398 0.589846
-0.463221 -0.886243 0.000000
0.923850 0.006804 0.382694
0.999206 0.002655 0.039744
0.999074 -0.001707 -0.042985
0.906510 -0.011471 0.422029
0.701067 -0.001042 0.713095
0.633013 -0.006570 0.774113
0.374812 -0.001042 0.927100
0.288587 -0.006570 0.957431
-0.008505 -0.001042 0.999963
-0.099773 -0.006570 0.994989
-0.390527 -0.001042 0.920591
-0.472944 -0.006570 0.881068
-0.713095 -0.001042 0.701067
-0.774113 -0.006570 0.633013
-0.927100 -0.001042 0.374812
-0.945119 -0.008077 0.326627
-0.999773 -0.002926 -0.021089
-0.998191 -0.005019 0.059921
-0.957431 -0.006570 -0.288588
-0.900298 -0.001041 -0.435273
-0.774113 -0.006570 -0.633013
-0.665195 -0.001041 -0.746669
-0.472944 -0.006570 -0.881068
-0.328822 -0.001041 -0.944391
-0.099753 0.001273 -0.995011
0.057611 -0.001041 -0.998339
0.288594 0.011405 -0.957384
0.435273 -0.001041 -0.900298
0.633013 -0.005382 -0.774122
0.727658 -0.001250 -0.685939
0.881068 -0.006570 -0.472944
0.931743 -0.000893 -0.363117
0.999911 -0.013360 -0.000053
0.938323 -0.007897 0.345669
0.706655 0.038255 0.706523
0.923239 0.038255 0.382317
0.905292 0.073629 0.418361
0.699431 0.089831 0.709032
0.382490 0.038255 0.923168
0.374855 0.089831 0.922721
0.000093 0.038255 0.999268
-0.006789 0.089831 0.995934
-0.382317 0.038255 0.923239
-0.387400 0.089831 0.917525
-0.706523 0.038255 0.706655
-0.709032 0.089831 0.699431
-0.923168 0.038255 0.382490
-0.922678 0.089751 0.374981
-0.998741 0.030579 0.039777
-0.995953 0.089639 -0.006447
-0.933500 0.043701 -0.355904
-0.910027 0.101546 -0.401919
-0.706655 0.038255 -0.706523
-0.660999 0.089666 -0.745010
-0.382490 0.038255 -0.923168
-0.319820 0.095931 -0.942609
0.000077 0.020323 -0.999793
0.040120 0.074667 -0.996401
0.345469 0.019828 -0.938221
0.401919 0.101546 -0.910027
0.686401 0.032776 -0.726485
0.725060 0.107699 -0.680212
0.929575 0.076989 -0.360505
0.922677 0.051001 -0.382185
0.999268 0.038255 -0.000093
0.993410 0.093929 0.065678
-0.096380 0.975796 -0.196301
-0.095435 0.972290 -0.213412
-0.177465 0.891648 0.416497
-0.124004 0.980431 -0.152895
0.107516 0.974721 -0.195853
0.550553 0.706902 0.444051
0.128072 0.971214 0.200851
0.111093 0.972406 -0.205147
0.107516 0.974721 0.195853
0.111093 0.972406 0.205147
0.128072 0.971214 -0.200851
0.131703 0.977898 0.162387
-0.096380 0.975796 0.196301
-0.544271 0.707801 -0.450319
-0.177464 0.891648 -0.416497
-0.095435 0.972290 0.213412
0.893373 -0.158329 0.420495
0.985201 -0.164887 -0.046805
0.987490 -0.157094 -0.013630
0.905688 -0.165764 0.390193
0.745066 -0.083117 0.661792
0.674365 -0.157421 0.721422
0.936139 -0.068930 0.344808
0.435094 -0.083117 0.896540
0.346951 -0.157417 0.924578
0.058884 -0.083117 0.994799
-0.033279 -0.157418 0.986971
-0.326292 -0.083117 0.941608
-0.408443 -0.157417 0.899107
-0.661792 -0.083117 0.745066
-0.721426 -0.157417 0.674362
-0.896540 -0.083117 0.435094
-0.920331 -0.152115 0.360351
-0.994998 -0.093746 0.034503
-0.987261 -0.151157 0.049680
-0.923498 -0.083259 -0.374458
-0.933360 -0.151782 -0.325270
-0.709902 -0.083259 -0.699361
-0.721424 -0.157415 -0.674365
-0.388230 -0.083259 -0.917794
-0.408444 -0.157417 -0.899107
-0.007454 -0.083259 -0.996500
-0.033279 -0.157417 -0.986971
0.374458 -0.083259 -0.923498
0.346951 -0.157417 -0.924578
0.720746 -0.071359 -0.689516
0.674362 -0.157418 -0.721426
0.930643 -0.099824 -0.352049
0.899109 -0.157421 -0.408439
0.996050 -0.088789 -0.000733
0.746653 -0.005518 0.665191
0.923168 0.038255 0.382490
0.706523 0.038255 0.706655
0.435260 -0.005518 0.900288
0.382317 0.038255 0.923239
0.057603 -0.005518 0.998324
-0.000093 0.038255 0.999268
-0.328824 -0.005518 0.944375
-0.382490 0.038255 0.923168
-0.665191 -0.005518 0.746653
-0.706655 0.038255 0.706523
-0.915598 -0.004577 0.402068
-0.923239 0.038255 0.382317
-0.999949 -0.005527 0.008514
-0.998640 0.043701 -0.028423
-0.927090 -0.005527 -0.374798
-0.907494 0.030579 -0.418951
-0.713091 -0.005527 -0.701050
-0.706523 0.038255 -0.706655
-0.390530 -0.005527 -0.920574
-0.382317 0.038255 -0.923239
-0.008550 0.011302 -0.999900
0.000179 0.029289 -0.999571
0.374848 0.004630 -0.927075
0.408497 0.028338 -0.912320
0.721846 -0.004737 -0.692037
0.733853 0.045868 -0.677759
0.923579 0.025502 -0.382559
0.934743 -0.006627 -0.355264
0.999268 0.038255 0.000093
0.928084 -0.082464 0.363125
0.995601 -0.078078 -0.051784
0.624579 -0.161920 0.763992
0.687392 -0.097690 0.719687
0.284659 -0.161920 0.944855
0.359649 -0.097692 0.927959
-0.022842 -0.097692 0.994955
-0.098589 -0.161920 0.981867
-0.466826 -0.161919 0.869399
-0.401850 -0.097694 0.910479
-0.763466 -0.161898 0.625226
-0.719591 -0.097616 0.687503
-0.940757 -0.164108 0.296722
-0.907813 -0.116305 0.402926
-0.993140 -0.097792 0.064105
-0.984255 -0.164346 -0.065061
-0.934129 -0.111336 -0.339126
-0.918005 -0.163167 -0.361445
-0.763970 -0.161899 -0.624611
-0.719620 -0.097733 -0.687455
-0.466823 -0.161919 -0.869401
-0.401856 -0.097692 -0.910477
-0.098590 -0.161920 -0.981867
-0.022842 -0.097692 -0.994955
0.284659 -0.161920 -0.944855
0.359649 -0.097692 -0.927959
0.624571 -0.161920 -0.763998
0.687387 -0.097692 -0.719691
0.869402 -0.161920 -0.466821
0.910480 -0.097690 -0.401850
0.914139 -0.114503 0.388895
0.898827 0.209668 0.384902
0.991690 -0.113967 0.059682
0.974644 0.208850 -0.080318
0.623206 0.208482 0.753757
0.287318 0.208482 0.934871
-0.092313 0.208482 0.973660
-0.457890 0.208482 0.864218
-0.753599 0.208475 0.623400
-0.934001 0.206676 0.291422
-0.975762 0.206400 -0.072713
-0.910655 0.207534 -0.357263
-0.753983 0.208470 -0.622936
-0.415273 0.208841 -0.885400
0.024184 0.205747 -0.978306
0.357263 0.207534 -0.910655
0.623206 0.208482 -0.753757
0.864218 0.208482 -0.457889
0.816720 0.461156 0.346846
0.815084 0.458157 0.354584
0.887968 0.456731 0.053937
0.970949 0.236789 -0.034488
0.720942 0.456623 0.521285
0.715199 0.449299 0.535369
0.367278 0.464743 0.805680
0.249184 0.459898 0.852292
0.466571 0.456620 0.757502
0.477128 0.463811 0.746477
0.141172 0.456620 0.878390
-0.309997 0.464743 0.829407
-0.426462 0.459898 0.778861
-0.190458 0.463811 0.865220
-0.521292 0.456620 0.720939
-0.535369 0.449299 0.715199
-0.823681 0.468050 0.320123
-0.828105 0.461614 0.318049
-0.757221 0.456317 0.467323
-0.745604 0.463855 0.478448
-0.970481 0.239398 0.029260
-0.884294 0.464398 -0.048564
-0.803429 0.464285 -0.372747
-0.851704 0.457703 -0.255162
-0.757502 0.456620 -0.466571
-0.746477 0.463811 -0.477129
-0.426462 0.459898 -0.778861
-0.535370 0.449299 -0.715199
-0.521292 0.456620 -0.720939
-0.309997 0.464743 -0.829407
-0.190458 0.463811 -0.865220
0.367278 0.464743 -0.805680
0.249184 0.459898 -0.852292
0.141172 0.456620 -0.878390
0.466571 0.456620 -0.757502
0.477129 0.463811 -0.746477
0.778861 0.459898 -0.426462
0.715199 0.449299 -0.535369
0.720939 0.456620 -0.521292
0.829407 0.464746 -0.309992
0.820926 -0.444774 0.358128
0.891468 -0.445620 -0.081908
0.559432 -0.445187 0.699174
0.728057 -0.114591 0.675871
0.249379 -0.444380 0.860428
0.414001 -0.114199 0.903085
-0.098935 -0.443389 0.890853
0.036890 -0.113677 0.992833
-0.432562 -0.442365 0.785623
-0.345882 -0.113105 0.931436
-0.700690 -0.441440 0.560504
-0.676038 -0.112569 0.728217
-0.860690 -0.439517 0.256976
-0.900520 -0.111867 0.420177
-0.893596 -0.443673 -0.068118
-0.992039 -0.111703 0.058155
-0.837997 -0.442013 -0.319977
-0.926106 -0.111344 -0.360459
-0.700855 -0.440841 -0.560769
-0.676214 -0.112079 -0.728129
-0.432764 -0.441492 -0.786003
-0.365605 -0.187041 -0.911783
-0.098988 -0.442401 -0.891338
-0.025861 -0.118502 -0.992617
0.249505 -0.443426 -0.860883
0.384277 -0.059551 -0.921295
0.559658 -0.444413 -0.699486
0.728081 -0.114216 -0.675909
0.784400 -0.445212 -0.431860
0.931281 -0.114602 -0.345807
0.919937 -0.004650 0.392039
0.998216 -0.004679 0.059528
0.738938 -0.004640 0.673758
0.424847 -0.004637 0.905253
0.046082 -0.004637 0.998927
-0.339698 -0.004637 0.940523
-0.673573 -0.004640 0.739106
-0.929155 -0.007254 0.369620
-0.997842 -0.004316 -0.065515
-0.902348 -0.004702 -0.430982
-0.673763 -0.004637 -0.738933
-0.339698 -0.004637 -0.940523
0.046082 -0.004637 -0.998927
0.424847 -0.004637 -0.905253
0.738933 -0.004637 -0.673763
0.940525 -0.004640 -0.339692
0.000260 1.000000 -0.000489
0.000000 1.000000 0.000000
-0.001922 0.999998 -0.000788
-0.001354 0.999999 0.000118
0.000551 1.000000 0.000260
-0.007910 0.999967 -0.001573
-0.000061 0.999999 0.001074
0.000120 0.999999 0.001210
0.994547 0.000000 -0.104289
0.998865 0.000000 0.047628
0.941058 0.000000 0.338246
0.878932 0.000000 0.476947
0.900645 0.000000 -0.434556
0.665779 0.000000 -0.746149
0.266376 0.000000 -0.963869
0.391302 0.000000 -0.920262
-0.122757 0.000000 -0.992437
0.009347 0.000000 -0.999956
-0.493202 0.000000 -0.869915
-0.374032 0.000000 -0.927416
-0.788561 0.000000 -0.614956
-0.700467 0.000000 -0.713685
-0.952995 0.000000 -0.302985
-0.912798 0.000000 -0.408412
-0.999636 0.000000 -0.026980
-0.943494 0.000000 0.331391
-0.943494 0.000000 0.331391
-0.700237 0.000000 0.713910
-0.788155 0.000000 0.615477
-0.374032 0.000000 0.927416
-0.493202 0.000000 0.869915
0.009347 0.000000 0.999956
-0.122757 0.000000 0.992437
0.391302 0.000000 0.920262
0.266376 0.000000 0.963869
0.713698 0.000000 0.700453
0.614964 0.000000 0.788556
0.580901 0.000000 0.813974
0.555570 0.000000 0.831470
0.605704 -0.000000 0.795690
0.629909 -0.000000 0.776669
-0.629909 0.000000 0.776669
-0.629909 0.000000 0.776669
-0.580901 0.000000 0.813974
-0.580901 0.000000 -0.813974
-0.555570 0.000000 -0.831470
-0.605704 0.000000 -0.795690
-0.629909 0.000000 -0.776669
0.667162 -0.259486 -0.698256
0.629909 -0.000000 -0.776669
0.629909 -0.000000 -0.776669
0.580901 0.000000 -0.813974
0.291281 0.943102 0.160355
0.610907 0.786814 0.087848
0.440366 0.889611 0.121118
0.197514 0.965415 0.170181
-0.246373 0.954619 -0.167339
-0.506391 0.856401 -0.100727
-0.364587 0.921771 -0.131960
-0.167648 0.968828 -0.182391
-0.167648 0.968828 0.182391
-0.333308 0.932640 0.138158
-0.230500 0.958102 0.170029
-0.447816 0.886792 0.114289
0.197514 0.965415 -0.170181
0.267877 0.949496 -0.163401
0.394536 0.909818 -0.128730
0.528150 0.842627 -0.105056
-0.555570 0.000000 0.831470
0.555570 0.000000 -0.831470
-0.997876 0.063104 0.016142
-0.992038 0.125940 0.000000
-0.999481 0.000000 0.032216
0.999481 0.000000 -0.032216
0.997876 0.063104 -0.016142
0.992038 0.125940 0.000000
-0.997857 0.063105 -0.017278
-0.999405 0.000000 -0.034483
0.997857 0.063105 0.017278
0.999405 0.000000 0.034483
0.463221 -0.886243 0.000000
0.188153 -0.954347 -0.231990
0.000000 -0.971702 -0.236209
0.000000 -0.971702 0.236209
0.188153 -0.954347 0.231990
-0.188153 -0.954347 0.231990
-0.188153 -0.954347 -0.231990
556
0 0 1 2 0 0 1 5
0 2 3 0 1 2 0 5
0 4 5 6 3 4 5 5
0 6 7 4 5 6 3 5
0 8 4 7 7 3 6 5
0 7 9 8 6 8 7 5
0 10 8 9 9 7 8 5
0 9 11 10 8 10 9 5
0 12 10 11 11 9 10 5
0 11 13 12 10 12 11 5
0 14 12 13 13 11 12 5
0 13 15 14 12 14 13 5
0 16 14 15 15 13 14 5
0 15 17 16 14 16 15 5
0 18 16 17 17 15 16 5
0 17 19 18 16 18 17 5
0 20 18 19 19 17 18 5
0 19 21 20 18 20 19 5
0 22 23 20 21 22 19 5
0 20 21 22 19 20 21 5
0 24 25 23 23 24 22 5
0 23 22 24 22 21 23 5
0 26 27 25 25 26 24 5
0 25 24 26 24 23 25 5
0 28 29 27 27 28 26 5
0 27 26 28 26 25 27 5
0 30 31 29 29 30 28 5
0 29 28 30 28 27 29 5
0 32 33 31 31 32 30 5
0 31 30 32 30 29 31 5
0 34 35 33 33 34 32 5
0 33 32 34 32 31 33 5
0 6 5 35 5 4 34 5
0 35 34 6 34 33 5 5
0 7 6 36 6 5 35 5
0 36 37 7 35 36 6 5
0 38 39 40 37 38 39 5
0 40 41 38 39 40 37 5
0 42 38 41 41 37 40 5
0 41 43 42 40 42 41 5
0 44 42 43 43 41 42 5
0 43 45 44 42 44 43 5
0 46 44 45 45 43 44 5
0 45 47 46 44 46 45 5
0 48 46 47 47 45 46 5
0 47 49 48 46 48 47 5
0 50 48 49 49 47 48 5
0 49 51 50 48 50 49 5
0 52 50 51 51 49 50 5
0 51 53 52 50 52 51 5
0 54 52 53 53 51 52 5
0 53 55 54 52 54 53 5
0 56 54 55 55 53 54 5
0 55 57 56 54 56 55 5
0 58 56 57 57 55 56 5
0 57 59 58 56 58 57 5
0 60 58 59 59 57 58 5
0 59 61 60 58 60 59 5
0 62 60 61 61 59 60 5
0 61 63 62 60 62 61 5
0 64 62 63 63 61 62 5
0 63 65 64 62 64 63 5
0 66 67 64 65 66 63 5
0 64 65 66 63 64 65 5
0 68 67 66 67 66 65 5
0 66 69 68 65 68 67 5
0 70 71 72 69 70 71 3
0 70 72 73 69 71 72 3
0 74 73 72 73 74 75 4
0 74 72 75 73 75 76 4
0 76 77 78 77 78 79 3
0 76 78 79 77 79 80 3
0 80 79 78 81 82 83 4
0 80 78 81 81 83 84 4
0 82 83 84 85 86 87 5
0 84 85 82 87 88 85 5
0 86 87 85 89 90 88 5
0 86 85 88 89 88 91 5
0 89 90 87 92 93 90 5
0 89 87 86 92 90 89 5
0 91 92 90 94 95 93 5
0 91 90 89 94 93 92 5
0 93 94 92 96 97 95 5
0 93 92 91 96 95 94 5
0 95 96 94 98 99 97 5
0 95 94 93 98 97 96 5
0 97 98 96 100 101 99 5
0 97 96 95 100 99 98 5
0 99 100 98 102 103 101 5
0 98 97 99 101 100 102 5
0 99 101 102 102 104 105 5
0 99 102 100 102 105 103 5
0 101 103 104 104 106 107 5
0 101 104 102 104 107 105 5
0 103 105 106 106 108 109 5
0 103 106 104 106 109 107 5
0 105 107 108 108 110 111 5
0 105 108 106 108 111 109 5
0 107 109 110 110 112 113 5
0 107 110 108 110 113 111 5
0 109 111 112 112 114 115 5
0 109 112 110 112 115 113 5
0 111 113 114 114 116 117 5
0 111 114 112 114 117 115 5
0 113 115 84 116 118 87 5
0 113 84 114 116 87 117 5
0 39 68 69 38 67 68 5
0 69 40 39 68 39 38 5
0 116 37 117 119 36 120 5
0 117 118 116 120 121 119 5
0 119 116 118 122 119 121 5
0 118 120 119 121 123 122 5
0 121 119 120 124 122 123 5
0 120 122 121 123 125 124 5
0 123 121 122 126 124 125 5
0 122 124 123 125 127 126 5
0 125 123 124 128 126 127 5
0 124 126 125 127 129 128 5
0 127 125 126 130 128 129 5
0 126 128 127 129 131 130 5
0 129 127 128 132 130 131 5
0 128 130 129 131 133 132 5
0 131 129 130 134 132 133 5
0 130 132 131 133 135 134 5
0 133 131 132 136 134 135 5
0 132 134 133 135 137 136 5
0 135 133 134 138 136 137 5
0 134 136 135 137 139 138 5
0 137 135 136 140 138 139 5
0 136 138 137 139 141 140 5
0 139 137 138 142 140 141 5
0 138 140 139 141 143 142 5
0 141 139 140 144 142 143 5
0 140 142 141 143 145 144 5
0 143 144 141 146 147 144 5
0 141 142 143 144 145 146 5
0 36 144 143 35 147 146 5
0 143 145 36 146 148 35 5
0 146 147 83 149 150 86 5
0 83 82 146 86 85 149 5
0 82 148 149 85 151 152 5
0 82 149 146 85 152 149 5
0 148 150 151 151 153 154 5
0 148 151 149 151 154 152 5
0 152 151 150 155 154 153 5
0 150 153 152 153 156 155 5
0 153 154 155 156 157 158 5
0 153 155 152 156 158 155 5
0 154 156 157 157 159 160 5
0 154 157 155 157 160 158 5
0 156 158 159 159 161 162 5
0 156 159 157 159 162 160 5
0 160 159 158 163 162 161 5
0 158 161 160 161 164 163 5
0 162 160 161 165 163 164 5
0 161 163 162 164 166 165 5
0 164 165 162 167 168 165 5
0 164 162 163 167 165 166 5
0 166 167 165 169 170 168 5
0 166 165 164 169 168 167 5
0 168 169 167 171 172 170 5
0 168 167 166 171 170 169 5
0 170 171 169 173 174 172 5
0 169 168 170 172 171 173 5
0 172 173 171 175 176 174 5
0 172 171 170 175 174 173 5
0 174 175 173 177 178 176 5
0 174 173 172 177 176 175 5
0 83 147 175 86 150 178 5
0 83 175 174 86 178 177 5
0 176 177 178 179 180 181 5
0 177 179 178 180 182 181 5
0 41 40 177 40 39 180 5
0 177 180 41 180 183 40 5
0 43 41 180 42 40 183 5
0 180 181 43 183 184 42 5
0 45 43 181 44 42 184 5
0 181 182 45 184 185 44 5
0 47 45 182 46 44 185 5
0 182 183 47 185 186 46 5
0 49 47 183 48 46 186 5
0 183 184 49 186 187 48 5
0 51 49 184 50 48 187 5
0 184 185 51 187 188 50 5
0 53 51 185 52 50 188 5
0 185 186 53 188 189 52 5
0 55 53 186 54 52 189 5
0 186 187 55 189 190 54 5
0 57 55 188 56 54 191 5
0 55 187 188 54 190 191 5
0 59 57 189 58 56 192 5
0 57 188 189 56 191 192 5
0 61 59 190 60 58 193 5
0 59 189 190 58 192 193 5
0 63 61 190 62 60 193 5
0 190 191 63 193 194 62 5
0 65 63 192 64 62 195 5
0 63 191 192 62 194 195 5
0 66 65 193 65 64 196 5
0 65 192 193 64 195 196 5
0 69 66 179 68 65 182 5
0 66 193 179 65 196 182 5
0 5 4 88 4 3 91 5
0 5 88 115 4 91 118 5
0 86 88 4 89 91 3 5
0 4 8 86 3 7 89 5
0 89 86 8 92 89 7 5
0 8 10 89 7 9 92 5
0 91 89 10 94 92 9 5
0 10 12 91 9 11 94 5
0 93 91 12 96 94 11 5
0 12 14 93 11 13 96 5
0 95 93 14 98 96 13 5
0 14 16 95 13 15 98 5
0 97 95 16 100 98 15 5
0 16 18 97 15 17 100 5
0 99 97 18 102 100 17 5
0 18 20 99 17 19 102 5
0 101 99 20 104 102 19 5
0 20 23 101 19 22 104 5
0 103 101 23 106 104 22 5
0 23 25 103 22 24 106 5
0 105 103 25 108 106 24 5
0 25 27 105 24 26 108 5
0 107 105 27 110 108 26 5
0 27 29 107 26 28 110 5
0 109 107 29 112 110 28 5
0 29 31 109 28 30 112 5
0 111 109 31 114 112 30 5
0 31 33 111 30 32 114 5
0 113 111 35 116 114 34 5
0 111 33 35 114 32 34 5
0 115 113 35 118 116 34 5
0 35 5 115 34 4 118 5
0 37 36 145 36 35 148 5
0 145 117 37 148 120 36 5
0 118 117 39 121 120 38 5
0 39 38 118 38 37 121 5
0 120 118 38 123 121 37 5
0 38 42 120 37 41 123 5
0 122 120 42 125 123 41 5
0 42 44 122 41 43 125 5
0 124 122 44 127 125 43 5
0 44 46 124 43 45 127 5
0 126 124 46 129 127 45 5
0 46 48 126 45 47 129 5
0 128 126 48 131 129 47 5
0 48 50 128 47 49 131 5
0 130 128 50 133 131 49 5
0 50 52 130 49 51 133 5
0 132 130 54 135 133 53 5
0 130 52 54 133 51 53 5
0 134 132 54 137 135 53 5
0 54 56 134 53 55 137 5
0 136 134 56 139 137 55 5
0 56 58 136 55 57 139 5
0 138 136 58 141 139 57 5
0 58 60 138 57 59 141 5
0 140 138 60 143 141 59 5
0 60 62 140 59 61 143 5
0 64 142 140 63 145 143 5
0 64 140 62 63 143 61 5
0 143 142 67 146 145 66 5
0 142 64 67 145 63 66 5
0 145 143 67 148 146 66 5
0 67 68 145 66 67 148 5
0 194 195 196 197 198 199 1
0 195 197 196 198 200 199 1
0 198 199 195 201 202 198 1
0 195 194 198 198 197 201 1
0 200 71 199 203 204 205 4
0 199 198 200 205 206 203 4
0 201 72 71 207 75 204 4
0 201 71 200 207 204 203 4
0 202 75 72 208 209 71 3
0 202 72 201 208 71 210 3
0 203 204 75 211 212 209 3
0 75 202 203 209 208 211 3
0 205 206 204 213 214 215 1
0 204 203 205 215 216 213 1
0 207 206 205 217 214 213 1
0 205 208 207 213 218 217 1
0 208 209 210 218 219 220 1
0 208 210 207 218 220 217 1
0 211 210 209 221 220 219 1
0 209 212 211 219 222 221 1
0 77 211 212 223 224 225 4
0 212 213 77 225 226 223 4
0 214 78 213 227 83 226 4
0 78 77 213 83 223 226 4
0 215 81 214 228 229 230 3
0 81 78 214 229 79 230 3
0 216 81 215 231 229 228 3
0 215 217 216 228 232 231 3
0 218 216 217 233 234 235 1
0 217 219 218 235 236 233 1
0 196 197 219 199 200 236 1
0 197 218 219 200 233 236 1
0 176 178 220 179 181 237 5
0 178 221 220 181 238 237 5
0 220 222 223 237 239 240 5
0 220 223 176 237 240 179 5
0 222 224 225 239 241 242 5
0 222 225 223 239 242 240 5
0 224 226 227 241 243 244 5
0 224 227 225 241 244 242 5
0 226 228 229 243 245 246 5
0 226 229 227 243 246 244 5
0 228 230 231 245 247 248 5
0 228 231 229 245 248 246 5
0 230 232 233 247 249 250 5
0 230 233 231 247 250 248 5
0 232 234 235 249 251 252 5
0 232 235 233 249 252 250 5
0 234 236 237 251 253 254 5
0 234 237 235 251 254 252 5
0 237 236 238 254 253 255 5
0 237 238 239 254 255 256 5
0 239 238 240 256 255 257 5
0 239 240 241 256 257 258 5
0 242 243 241 259 260 258 5
0 241 240 242 258 257 259 5
0 244 245 243 261 262 260 5
0 243 242 244 260 259 261 5
0 245 244 246 262 261 263 5
0 245 246 247 262 263 264 5
0 247 246 248 264 263 265 5
0 247 248 249 264 265 266 5
0 221 178 249 238 181 266 5
0 249 248 221 266 265 238 5
0 85 84 115 88 87 118 5
0 115 88 85 118 91 88 5
0 87 148 82 90 151 85 5
0 82 85 87 85 88 90 5
0 90 150 148 93 153 151 5
0 148 87 90 151 90 93 5
0 92 153 150 95 156 153 5
0 150 90 92 153 93 95 5
0 94 154 153 97 157 156 5
0 153 92 94 156 95 97 5
0 96 156 154 99 159 157 5
0 154 94 96 157 97 99 5
0 98 158 156 101 161 159 5
0 156 96 98 159 99 101 5
0 158 98 100 161 101 103 5
0 158 100 161 161 103 164 5
0 161 100 102 164 103 105 5
0 161 102 163 164 105 166 5
0 102 104 164 105 107 167 5
0 102 164 163 105 167 166 5
0 104 106 166 107 109 169 5
0 104 166 164 107 169 167 5
0 106 108 168 109 111 171 5
0 106 168 166 109 171 169 5
0 108 110 170 111 113 173 5
0 108 170 168 111 173 171 5
0 110 112 172 113 115 175 5
0 110 172 170 113 175 173 5
0 112 114 174 115 117 177 5
0 112 174 172 115 177 175 5
0 114 84 83 117 87 86 5
0 114 83 174 117 86 177 5
0 68 39 117 67 38 120 5
0 68 117 145 67 120 148 5
0 7 37 116 6 36 119 5
0 7 116 9 6 119 8 5
0 9 116 119 8 119 122 5
0 9 119 11 8 122 10 5
0 11 119 121 10 122 124 5
0 11 121 13 10 124 12 5
0 13 121 123 12 124 126 5
0 13 123 15 12 126 14 5
0 15 123 125 14 126 128 5
0 15 125 17 14 128 16 5
0 17 125 127 16 128 130 5
0 17 127 19 16 130 18 5
0 127 129 21 130 132 20 5
0 127 21 19 130 20 18 5
0 129 131 22 132 134 21 5
0 129 22 21 132 21 20 5
0 131 133 24 134 136 23 5
0 131 24 22 134 23 21 5
0 133 135 26 136 138 25 5
0 133 26 24 136 25 23 5
0 135 137 28 138 140 27 5
0 135 28 26 138 27 25 5
0 137 139 30 140 142 29 5
0 137 30 28 140 29 27 5
0 139 141 32 142 144 31 5
0 139 32 30 142 31 29 5
0 141 144 34 144 147 33 5
0 141 34 32 144 33 31 5
0 144 36 6 147 35 5 5
0 144 6 34 147 5 33 5
0 194 196 146 267 268 149 5
0 196 147 146 268 150 149 5
0 146 149 198 149 152 269 5
0 146 198 194 149 269 267 5
0 149 151 200 152 154 270 5
0 149 200 198 152 270 269 5
0 151 152 201 154 155 271 5
0 151 201 200 154 271 270 5
0 152 155 202 155 158 272 5
0 152 202 201 155 272 271 5
0 155 157 203 158 160 273 5
0 155 203 202 158 273 272 5
0 157 159 205 160 162 274 5
0 157 205 203 160 274 273 5
0 205 159 160 274 162 163 5
0 205 160 208 274 163 275 5
0 208 160 162 275 163 165 5
0 208 162 209 275 165 276 5
0 165 212 209 168 277 276 5
0 209 162 165 276 165 168 5
0 167 213 212 170 278 277 5
0 212 165 167 277 168 170 5
0 169 214 213 172 279 278 5
0 213 167 169 278 170 172 5
0 171 215 214 174 280 279 5
0 214 169 171 279 172 174 5
0 173 217 215 176 281 280 5
0 215 171 173 280 174 176 5
0 175 219 217 178 282 281 5
0 217 173 175 281 176 178 5
0 147 196 219 150 268 282 5
0 219 175 147 282 178 150 5
0 177 40 69 180 39 68 5
0 69 179 177 68 182 180 5
0 223 180 177 240 183 180 5
0 177 176 223 180 179 240 5
0 225 181 180 242 184 183 5
0 180 223 225 183 240 242 5
0 227 182 181 244 185 184 5
0 227 181 225 244 184 242 5
0 229 183 182 246 186 185 5
0 229 182 227 246 185 244 5
0 231 184 183 248 187 186 5
0 183 229 231 186 246 248 5
0 233 185 184 250 188 187 5
0 184 231 233 187 248 250 5
0 235 186 185 252 189 188 5
0 235 185 233 252 188 250 5
0 237 187 186 254 190 189 5
0 237 186 235 254 189 252 5
0 188 187 237 191 190 254 5
0 237 239 188 254 256 191 5
0 189 188 239 192 191 256 5
0 239 241 189 256 258 192 5
0 243 190 189 260 193 192 5
0 243 189 241 260 192 258 5
0 245 191 190 262 194 193 5
0 190 243 245 193 260 262 5
0 192 191 245 195 194 262 5
0 245 247 192 262 264 195 5
0 193 192 247 196 195 264 5
0 247 249 193 264 266 196 5
0 178 179 249 181 182 266 5
0 179 193 249 182 196 266 5
0 250 251 252 283 284 285 1
0 250 253 254 283 286 287 1
0 251 255 256 284 284 284 1
0 251 256 252 284 284 285 1
0 255 257 258 284 284 284 1
0 255 258 256 284 284 284 1
0 257 259 258 284 284 284 1
0 253 250 252 286 283 285 1
0 253 252 260 286 285 288 1
0 261 262 263 284 284 284 1
0 263 264 261 284 289 284 1
0 263 265 264 284 290 289 1
0 265 253 264 290 286 289 1
0 265 254 253 290 287 286 1
0 221 250 220 291 292 293 2
0 250 254 220 292 294 293 2
0 248 251 221 295 295 291 2
0 251 250 221 295 292 291 2
0 246 255 251 296 296 295 2
0 246 251 248 296 295 295 2
0 244 257 246 297 298 296 2
0 257 255 246 298 296 296 2
0 242 259 244 299 300 297 2
0 259 257 244 300 298 297 2
0 240 258 242 301 302 299 2
0 258 259 242 302 300 299 2
0 238 256 240 303 304 301 2
0 256 258 240 304 302 301 2
0 236 252 238 305 306 303 2
0 252 256 238 306 304 303 2
0 234 260 236 307 307 305 2
0 260 252 236 307 306 305 2
0 232 253 260 308 309 307 2
0 232 260 234 308 307 307 2
0 230 264 232 310 311 308 2
0 264 253 232 311 309 308 2
0 228 261 230 312 313 310 2
0 261 264 230 313 311 310 2
0 226 262 228 314 315 312 2
0 262 261 228 315 313 312 2
0 224 263 226 316 317 314 2
0 263 262 226 317 315 314 2
0 222 265 224 318 319 316 2
0 265 263 224 319 317 316 2
0 220 254 222 293 294 318 2
0 254 265 222 294 319 318 2
0 266 267 268 320 321 321 4
0 268 70 266 321 322 320 4
0 269 266 70 323 320 322 4
0 70 73 269 322 74 323 4
0 2 269 73 1 324 325 5
0 73 74 2 325 326 1 5
0 3 270 271 327 328 328 4
0 271 76 3 328 329 327 4
0 272 3 76 330 327 329 4
0 76 79 272 329 82 330 4
0 273 272 79 331 332 333 5
0 79 80 273 333 334 331 5
0 271 207 210 335 336 337 3
0 271 210 211 335 337 338 3
0 211 77 271 338 78 335 3
0 77 76 271 78 77 335 3
0 268 197 195 339 340 341 3
0 268 195 199 339 341 342 3
0 268 199 71 339 342 70 3
0 268 71 70 339 70 69 3
0 216 218 274 343 344 345 4
0 218 197 274 344 346 345 4
0 274 81 216 345 84 343 4
0 274 80 81 345 81 84 4
0 75 204 275 76 347 348 4
0 75 275 74 76 348 73 4
0 204 206 275 347 349 348 4
0 206 207 275 349 350 348 4
0 74 275 276 326 351 351 5
0 74 276 2 326 351 1 5
0 80 274 277 334 352 352 5
0 80 277 273 334 352 331 5
0 278 266 273 0 0 0 2
0 278 273 277 0 0 0 2
0 278 267 266 0 0 0 2
0 3 2 279 0 0 0 2
0 3 279 270 0 0 0 2
0 2 276 279 0 0 0 2
0 270 279 207 353 354 217 1
0 207 271 270 217 355 353 1
0 197 268 267 200 356 357 1
0 197 267 278 200 357 358 1
0 207 279 276 217 354 359 1
0 207 276 275 217 359 360 1
0 197 278 277 200 358 361 1
0 277 274 197 361 362 200 1
0 266 1 0 363 0 0 5
0 0 273 266 0 331 363 5
0 273 0 272 364 365 365 1
0 269 1 266 366 366 367 1
0 2 1 269 368 366 366 1
0 272 0 3 365 365 369 1

Materials: 1
"default_Photo296"
1.000000 1.000000 1.000000 1.000000
1.000000 1.000000 1.000000 1.000000
1.000000 1.000000 1.000000 1.000000
0.000000 0.000000 0.000000 1.000000
0.000000
1.000000
"tex.png"
""

Bones: 0
GroupComments: 0
MaterialComments: 0
BoneComments: 0
ModelComment: 0
