// MilkShape 3D ASCII

Frames: 30
Frame: 1

Meshes: 1
"default" 1 0
317
1 0.000000 1.184284 -3.718750 0.000016 0.786737 -1
1 0.000000 0.000000 -4.250000 0.000016 0.872932 -1
1 -1.626405 0.000000 -3.926488 0.062514 0.872932 -1
1 -1.423104 1.184284 -3.435677 0.062514 0.786737 -1
1 -3.005204 -0.000000 -3.005204 0.125012 0.872932 -1
1 -2.629553 1.184284 -2.629553 0.125012 0.786737 -1
1 -3.926488 0.000000 -1.626405 0.187510 0.872932 -1
1 -3.435677 1.184284 -1.423104 0.187510 0.786737 -1
1 -4.250000 0.000000 -0.000000 0.250008 0.872932 -1
1 -3.718750 1.184284 -0.000000 0.250008 0.786737 -1
1 -3.926488 0.000000 1.626404 0.312506 0.872932 -1
1 -3.435677 1.184284 1.423103 0.312506 0.786737 -1
1 -3.005204 0.000000 3.005204 0.375004 0.872932 -1
1 -2.629553 1.184284 2.629553 0.375004 0.786737 -1
1 -1.626404 0.000000 3.926488 0.437502 0.872932 -1
1 -1.423103 1.184283 3.435677 0.437502 0.786737 -1
1 0.000001 0.000000 4.250000 0.500000 0.872932 -1
1 0.000001 1.184284 3.718750 0.500000 0.786737 -1
1 1.626406 0.000000 3.926487 0.562498 0.872932 -1
1 1.423106 1.184284 3.435676 0.562498 0.786737 -1
1 3.005206 -0.000000 3.005202 0.624996 0.872932 -1
1 2.629555 1.184283 2.629552 0.624996 0.786737 -1
1 3.926489 0.000000 1.626401 0.687494 0.872932 -1
1 3.435678 1.184283 1.423101 0.687494 0.786737 -1
1 4.250000 0.000000 -0.000004 0.749992 0.872932 -1
1 3.718750 1.184284 -0.000004 0.749992 0.786737 -1
1 3.926486 0.000000 -1.626409 0.812490 0.872932 -1
1 3.435675 1.184284 -1.423108 0.812490 0.786737 -1
1 3.005200 0.000000 -3.005208 0.874988 0.872932 -1
1 2.629550 1.184284 -2.629557 0.874988 0.786737 -1
1 1.626399 0.000000 -3.926490 0.937486 0.872932 -1
1 1.423099 1.184284 -3.435679 0.937486 0.786737 -1
1 3.786552 1.600000 -3.786562 0.874988 0.999996 -1
1 2.049263 1.600000 -4.947378 0.937486 0.999996 -1
1 -1.016503 2.006638 -2.454055 0.062514 0.699960 -1
1 0.000000 2.006638 -2.656250 0.000016 0.699960 -1
1 0.000000 1.680446 -3.187500 0.000016 0.739744 -1
1 -1.219803 1.680446 -2.944866 0.062514 0.739744 -1
1 -4.947375 1.600000 -2.049270 0.187510 0.999996 -1
1 -5.355000 1.600000 -0.000000 0.250008 0.999996 -1
1 0.000000 1.600000 -5.355000 0.000016 0.999996 -1
1 -2.049270 1.600000 -4.947374 0.062514 0.999996 -1
1 4.947373 1.600000 -2.049275 0.812490 0.999996 -1
1 -2.049269 1.600000 4.947377 0.437502 0.999996 -1
1 0.000002 1.600000 5.355000 0.500000 0.999996 -1
1 -3.786557 1.600000 3.786557 0.375004 0.999996 -1
1 2.049273 1.600000 4.947375 0.562498 0.999996 -1
1 3.786560 1.600000 3.786555 0.624996 0.999996 -1
1 -3.786557 1.600000 -3.786557 0.125012 0.999996 -1
1 5.355000 1.600000 -0.000005 0.749992 0.999996 -1
1 -4.947375 1.600000 2.049270 0.312506 0.999996 -1
1 0.000000 1.600000 -5.355000 0.999984 0.999996 -1
1 0.000000 0.000000 -4.250000 0.999984 0.872932 -1
1 4.947378 1.600000 2.049266 0.687494 0.999996 -1
1 0.225198 3.082947 -0.543676 0.273357 0.318609 -1
1 0.190914 2.866659 -0.460906 0.269801 0.327194 -1
1 0.000000 2.866659 -0.498881 0.250000 0.323255 -1
1 0.000000 3.082947 -0.588470 0.250000 0.313963 -1
1 0.000000 1.184284 -3.718750 0.999984 0.786737 -1
1 0.000000 2.238442 -2.125000 0.999984 0.663246 -1
1 0.000000 2.403326 -1.593750 0.999984 0.628177 -1
1 0.609900 2.403326 -1.472434 0.937486 0.628177 -1
1 0.813199 2.238442 -1.963245 0.937486 0.663245 -1
1 1.126950 2.403326 -1.126953 0.874988 0.628177 -1
1 1.502600 2.238442 -1.502604 0.874988 0.663245 -1
1 1.472432 2.403326 -0.609903 0.812490 0.628177 -1
1 1.963243 2.238442 -0.813205 0.812490 0.663245 -1
1 1.593750 2.403326 -0.000002 0.749992 0.628177 -1
1 2.125000 2.238442 -0.000002 0.749992 0.663245 -1
1 1.472434 2.403326 0.609901 0.687494 0.628177 -1
1 1.963245 2.238442 0.813201 0.687494 0.663245 -1
1 1.126952 2.403326 1.126951 0.624996 0.628177 -1
1 1.502603 2.238442 1.502601 0.624996 0.663245 -1
1 0.609902 2.403326 1.472433 0.562498 0.628177 -1
1 0.813203 2.238442 1.963244 0.562498 0.663245 -1
1 0.000001 2.403326 1.593750 0.500000 0.628177 -1
1 0.000001 2.238442 2.125000 0.500000 0.663245 -1
1 -0.609901 2.403326 1.472433 0.437502 0.628177 -1
1 -0.813202 2.238442 1.963244 0.437502 0.663245 -1
1 -1.126951 2.403326 1.126951 0.375004 0.628177 -1
1 -1.502602 2.238442 1.502602 0.375004 0.663245 -1
1 -1.472433 2.403326 0.609901 0.312506 0.628177 -1
1 -1.963244 2.238442 0.813202 0.312506 0.663245 -1
1 -1.593750 2.403326 -0.000000 0.250008 0.628177 -1
1 -2.125000 2.238442 -0.000000 0.250008 0.663245 -1
1 -1.472433 2.403326 -0.609902 0.187510 0.628177 -1
1 -1.963244 2.238442 -0.813202 0.187510 0.663245 -1
1 -1.126951 2.403326 -1.126951 0.125012 0.628177 -1
1 -1.502602 2.238442 -1.502602 0.125012 0.663245 -1
1 0.000000 2.578888 -0.531250 0.000016 0.560486 -1
1 0.000000 2.514489 -1.062500 0.000016 0.594062 -1
1 -0.406601 2.514489 -0.981622 0.062514 0.594062 -1
1 -0.203301 2.578888 -0.490811 0.062514 0.560486 -1
1 -0.751301 2.514489 -0.751301 0.125012 0.594062 -1
1 -0.375650 2.578888 -0.375650 0.125012 0.560486 -1
1 -0.981622 2.514489 -0.406601 0.187510 0.594062 -1
1 -0.490811 2.578888 -0.203301 0.187510 0.560486 -1
1 -1.062500 2.514489 -0.000000 0.250008 0.594062 -1
1 -0.531250 2.578888 -0.000000 0.250008 0.560486 -1
1 -0.981622 2.514489 0.406601 0.312506 0.594062 -1
1 -0.490811 2.578888 0.203300 0.312506 0.560486 -1
1 -0.751301 2.514489 0.751301 0.375004 0.594062 -1
1 -0.375650 2.578888 0.375650 0.375004 0.560486 -1
1 -0.406601 2.514489 0.981622 0.437502 0.594062 -1
1 -0.203300 2.578888 0.490811 0.437502 0.560487 -1
1 0.000000 2.514489 1.062500 0.500000 0.594062 -1
1 0.000000 2.578888 0.531250 0.500000 0.560487 -1
1 0.406602 2.514489 0.981622 0.562498 0.594062 -1
1 0.203301 2.578888 0.490811 0.562498 0.560487 -1
1 0.751301 2.514489 0.751301 0.624996 0.594062 -1
1 0.375651 2.578888 0.375650 0.624996 0.560487 -1
1 0.981622 2.514489 0.406600 0.687494 0.594062 -1
1 0.490811 2.578888 0.203300 0.687494 0.560487 -1
1 1.062500 2.514489 -0.000001 0.749992 0.594062 -1
1 0.531250 2.578888 -0.000001 0.749992 0.560487 -1
1 0.981622 2.514489 -0.406602 0.812490 0.594062 -1
1 0.490811 2.578888 -0.203301 0.812490 0.560487 -1
1 0.751300 2.514489 -0.751302 0.874988 0.594062 -1
1 0.375650 2.578888 -0.375651 0.874988 0.560487 -1
1 0.406600 2.514489 -0.981623 0.937486 0.594062 -1
1 0.203300 2.578888 -0.490811 0.937486 0.560487 -1
1 -1.878252 2.006638 -1.878252 0.125012 0.699960 -1
1 -2.253903 1.680446 -2.253903 0.125012 0.739744 -1
1 -0.609902 2.403326 -1.472433 0.062514 0.628177 -1
1 -0.813202 2.238442 -1.963244 0.062514 0.663245 -1
1 0.000000 2.514489 -1.062500 0.999984 0.594062 -1
1 0.000000 2.578888 -0.531250 0.999984 0.560487 -1
1 0.000000 1.680446 -3.187500 0.999984 0.739744 -1
1 0.000000 2.006638 -2.656250 0.999984 0.699960 -1
1 1.016499 2.006638 -2.454057 0.937486 0.699960 -1
1 1.219799 1.680446 -2.944868 0.937486 0.739744 -1
1 1.878250 2.006638 -1.878255 0.874988 0.699960 -1
1 2.253900 1.680446 -2.253906 0.874988 0.739744 -1
1 2.454054 2.006638 -1.016506 0.812490 0.699960 -1
1 2.944865 1.680446 -1.219807 0.812490 0.739744 -1
1 2.656250 2.006638 -0.000003 0.749992 0.699960 -1
1 3.187500 1.680446 -0.000003 0.749992 0.739744 -1
1 2.454056 2.006638 1.016501 0.687494 0.699960 -1
1 2.944867 1.680446 1.219801 0.687494 0.739744 -1
1 1.878254 2.006638 1.878251 0.624996 0.699960 -1
1 2.253904 1.680446 2.253901 0.624996 0.739744 -1
1 1.016504 2.006638 2.454055 0.562498 0.699960 -1
1 1.219805 1.680446 2.944865 0.562498 0.739744 -1
1 0.000001 2.006638 2.656250 0.500000 0.699960 -1
1 0.000001 1.680446 3.187500 0.500000 0.739744 -1
1 -1.016502 2.006638 2.454055 0.437502 0.699960 -1
1 -1.219803 1.680446 2.944866 0.437502 0.739744 -1
1 -1.878252 2.006638 1.878252 0.375004 0.699960 -1
1 -2.253903 1.680446 2.253903 0.375004 0.739744 -1
1 -2.454055 2.006638 1.016502 0.312506 0.699960 -1
1 -2.944866 1.680446 1.219803 0.312506 0.739744 -1
1 -2.656250 2.006638 -0.000000 0.250008 0.699960 -1
1 -3.187500 1.680446 -0.000000 0.250008 0.739744 -1
1 -2.454055 2.006638 -1.016503 0.187510 0.699960 -1
1 -2.944866 1.680446 -1.219803 0.187510 0.739744 -1
1 0.000000 2.238442 -2.125000 0.000016 0.663245 -1
1 0.101650 2.594738 -0.245406 0.937486 0.543807 -1
1 0.000000 2.594738 -0.265625 0.999984 0.543807 -1
1 0.187825 2.594738 -0.187825 0.874988 0.543807 -1
1 0.245405 2.594738 -0.101651 0.812490 0.543807 -1
1 0.265625 2.594738 -0.000000 0.749992 0.543807 -1
1 0.245406 2.594738 0.101650 0.687494 0.543807 -1
1 0.187825 2.594738 0.187825 0.624996 0.543807 -1
1 0.101650 2.594738 0.245405 0.562498 0.543807 -1
1 0.000000 2.594738 0.265625 0.500000 0.543807 -1
1 -0.101650 2.594738 0.245406 0.437502 0.543807 -1
1 -0.187825 2.594738 0.187825 0.375004 0.543807 -1
1 -0.245406 2.594738 0.101650 0.312506 0.543807 -1
1 -0.265625 2.594738 -0.000000 0.250008 0.543807 -1
1 -0.245405 2.594738 -0.101650 0.187510 0.543807 -1
1 -0.187825 2.594738 -0.187825 0.125012 0.543807 -1
1 -0.101650 2.594738 -0.245405 0.062514 0.543807 -1
1 0.000000 2.403326 -1.593750 0.000016 0.628177 -1
1 -0.101650 2.594738 -0.245405 0.489506 0.349665 -1
1 -0.187825 2.594738 -0.187825 0.480610 0.355610 -1
1 0.000000 2.600000 0.000000 0.500000 0.375000 -1
1 -0.245405 2.594738 -0.101650 0.474665 0.364506 -1
1 -0.265625 2.594738 -0.000000 0.472578 0.375000 -1
1 -0.245406 2.594738 0.101650 0.474665 0.385494 -1
1 -0.187825 2.594738 0.187825 0.480610 0.394390 -1
1 -0.101650 2.594738 0.245406 0.489506 0.400335 -1
1 0.000000 2.594738 0.265625 0.500000 0.402422 -1
1 0.101650 2.594738 0.245405 0.510494 0.400335 -1
1 0.187825 2.594738 0.187825 0.519390 0.394390 -1
1 0.245406 2.594738 0.101650 0.525335 0.385494 -1
1 0.265625 2.594738 -0.000000 0.527422 0.375000 -1
1 0.245405 2.594738 -0.101651 0.525335 0.364506 -1
1 0.187825 2.594738 -0.187825 0.519390 0.355610 -1
1 0.101650 2.594738 -0.245406 0.510494 0.349665 -1
1 0.000000 2.594738 -0.265625 0.500000 0.347578 -1
1 0.000000 2.594738 -0.265625 0.000016 0.543807 -1
1 0.416112 3.082947 -0.416112 0.293159 0.331840 -1
1 0.352763 2.866659 -0.352762 0.286588 0.338411 -1
1 0.044795 2.611530 -0.108144 0.254646 0.363783 -1
1 0.000000 2.600001 0.000000 0.250000 0.374999 -1
1 0.000000 2.611530 -0.117054 0.250000 0.362859 -1
1 -0.000000 3.800001 0.000001 0.250000 0.374999 -1
1 0.082770 3.788472 -0.082770 0.258585 0.366414 -1
1 0.044795 3.788472 -0.108144 0.254646 0.363783 -1
1 0.127565 3.698883 -0.307968 0.263231 0.343057 -1
1 0.190914 3.533343 -0.460906 0.269801 0.327194 -1
1 0.000000 3.533343 -0.498881 0.250000 0.323255 -1
1 0.000000 3.698883 -0.333342 0.250000 0.340425 -1
1 0.127565 2.701119 -0.307968 0.263231 0.343057 -1
1 0.000000 2.701119 -0.333342 0.250000 0.340425 -1
1 0.225198 3.317055 -0.543676 0.273357 0.318609 -1
1 0.000000 3.317055 -0.588470 0.250000 0.313963 -1
1 0.000000 3.788472 -0.117054 0.250000 0.362859 -1
1 0.235709 2.701119 -0.235708 0.274448 0.350552 -1
1 0.460907 3.533343 -0.190913 0.297805 0.355198 -1
1 0.543677 3.317055 -0.225198 0.306390 0.351642 -1
1 0.416112 3.317055 -0.416112 0.293159 0.331840 -1
1 0.352763 3.533343 -0.352762 0.286588 0.338411 -1
1 0.235709 3.698883 -0.235708 0.274448 0.350552 -1
1 0.543677 3.082947 -0.225198 0.306390 0.351642 -1
1 0.460907 2.866659 -0.190913 0.297805 0.355198 -1
1 0.082770 2.611530 -0.082770 0.258585 0.366415 -1
1 0.108144 3.788472 -0.044794 0.261217 0.370353 -1
1 0.307968 2.701119 -0.127564 0.281942 0.361768 -1
1 0.333342 2.701119 0.000000 0.284574 0.374999 -1
1 0.117054 2.611530 0.000000 0.262141 0.374999 -1
1 0.108144 2.611530 -0.044794 0.261216 0.370353 -1
1 0.307968 3.698883 -0.127564 0.281942 0.361768 -1
1 0.588471 3.082947 0.000000 0.311036 0.374999 -1
1 0.498882 2.866659 0.000000 0.301744 0.374999 -1
1 0.117054 3.788472 0.000000 0.262141 0.374999 -1
1 0.460907 3.533343 0.190914 0.297805 0.394801 -1
1 0.543676 3.317055 0.225199 0.306390 0.398357 -1
1 0.588471 3.317055 0.000000 0.311036 0.374999 -1
1 0.498882 3.533343 0.000000 0.301744 0.374999 -1
1 0.333342 3.698883 0.000000 0.284574 0.374999 -1
1 0.543676 3.082947 0.225199 0.306390 0.398357 -1
1 0.460907 2.866659 0.190914 0.297805 0.394801 -1
1 0.108144 3.788472 0.044795 0.261216 0.379646 -1
1 0.307968 2.701119 0.127565 0.281942 0.388230 -1
1 0.235709 2.701119 0.235709 0.274448 0.399447 -1
1 0.082770 2.611530 0.082770 0.258585 0.383584 -1
1 0.108144 2.611530 0.044795 0.261216 0.379646 -1
1 0.307968 3.698883 0.127565 0.281942 0.388230 -1
1 0.416112 3.082947 0.416112 0.293159 0.418159 -1
1 0.352763 2.866659 0.352763 0.286588 0.411588 -1
1 0.082770 3.788472 0.082770 0.258585 0.383584 -1
1 0.352763 3.533343 0.352763 0.286588 0.411588 -1
1 0.416112 3.317055 0.416112 0.293159 0.418159 -1
1 0.225198 3.317055 0.543677 0.273357 0.431390 -1
1 0.225198 3.082947 0.543677 0.273357 0.431390 -1
1 0.235709 3.698883 0.235709 0.274448 0.399447 -1
1 0.190914 2.866659 0.460907 0.269801 0.422805 -1
1 0.044795 3.788472 0.108144 0.254646 0.386216 -1
1 0.127565 2.701119 0.307968 0.263231 0.406942 -1
1 0.044795 2.611530 0.108144 0.254646 0.386216 -1
1 0.000000 3.317055 0.588471 0.250000 0.436036 -1
1 0.000000 3.082947 0.588471 0.250000 0.436036 -1
1 0.127565 3.698883 0.307968 0.263231 0.406942 -1
1 0.000000 2.866659 0.498882 0.250000 0.426744 -1
1 0.000000 3.788472 0.117055 0.250000 0.387140 -1
1 0.190914 3.533343 0.460907 0.269801 0.422805 -1
1 0.000000 2.701119 0.333342 0.250000 0.409574 -1
1 0.000000 2.611530 0.117055 0.250000 0.387140 -1
1 -0.044795 3.788472 0.108144 0.245354 0.386216 -1
1 -0.127564 3.698883 0.307968 0.236769 0.406942 -1
1 0.000000 3.698883 0.333343 0.250000 0.409574 -1
1 -0.225198 3.082947 0.543677 0.226642 0.431390 -1
1 -0.190914 2.866659 0.460907 0.230198 0.422805 -1
1 0.000000 3.533343 0.498882 0.250000 0.426744 -1
1 -0.225198 3.317055 0.543677 0.226642 0.431390 -1
1 -0.416112 3.082947 0.416112 0.206841 0.418159 -1
1 -0.352763 2.866659 0.352763 0.213411 0.411588 -1
1 -0.235708 3.698883 0.235709 0.225552 0.399447 -1
1 -0.352763 3.533343 0.352763 0.213411 0.411588 -1
1 -0.190914 3.533343 0.460907 0.230198 0.422805 -1
1 -0.044795 2.611530 0.108144 0.245354 0.386216 -1
1 -0.082770 3.788472 0.082770 0.241415 0.383584 -1
1 -0.127564 2.701119 0.307968 0.236769 0.406942 -1
1 -0.543676 3.082947 0.225198 0.193609 0.398357 -1
1 -0.460906 2.866659 0.190914 0.202194 0.394801 -1
1 -0.333342 3.698883 0.000000 0.215425 0.374999 -1
1 -0.498881 3.533343 0.000000 0.198256 0.374999 -1
1 -0.460906 3.533343 0.190914 0.202194 0.394801 -1
1 -0.307968 3.698883 0.127565 0.218057 0.388230 -1
1 -0.082770 2.611530 0.082770 0.241415 0.383584 -1
1 -0.108144 3.788472 0.044795 0.238783 0.379646 -1
1 -0.235708 2.701119 0.235709 0.225552 0.399447 -1
1 -0.416112 3.317055 0.416112 0.206841 0.418159 -1
1 -0.588471 3.082947 0.000000 0.188963 0.374999 -1
1 -0.498881 2.866659 0.000000 0.198256 0.374999 -1
1 -0.108144 2.611530 0.044795 0.238783 0.379646 -1
1 -0.117054 3.788472 0.000000 0.237859 0.374999 -1
1 -0.307968 2.701119 0.127565 0.218057 0.388230 -1
1 -0.543676 3.317055 0.225198 0.193609 0.398357 -1
1 -0.543676 3.082947 -0.225198 0.193610 0.351642 -1
1 -0.460906 2.866659 -0.190913 0.202194 0.355198 -1
1 -0.117054 2.611530 0.000000 0.237859 0.374999 -1
1 -0.108144 3.788472 -0.044794 0.238783 0.370353 -1
1 -0.307968 2.701119 -0.127564 0.218057 0.361768 -1
1 -0.333342 2.701119 0.000000 0.215425 0.374999 -1
1 -0.588471 3.317055 0.000000 0.188963 0.374999 -1
1 -0.108144 2.611530 -0.044794 0.238783 0.370353 -1
1 -0.082770 3.788472 -0.082770 0.241415 0.366414 -1
1 -0.235708 3.698883 -0.235708 0.225552 0.350552 -1
1 -0.352762 3.533343 -0.352762 0.213411 0.338411 -1
1 -0.460906 3.533343 -0.190913 0.202194 0.355198 -1
1 -0.307968 3.698883 -0.127564 0.218057 0.361768 -1
1 -0.543676 3.317055 -0.225198 0.193610 0.351642 -1
1 -0.416112 3.082947 -0.416111 0.206841 0.331840 -1
1 -0.352762 2.866659 -0.352762 0.213411 0.338411 -1
1 -0.082770 2.611530 -0.082769 0.241415 0.366415 -1
1 -0.044795 3.788472 -0.108144 0.245354 0.363783 -1
1 -0.190913 2.866659 -0.460906 0.230198 0.327194 -1
1 -0.127564 2.701119 -0.307968 0.236769 0.343057 -1
1 -0.235708 2.701119 -0.235708 0.225552 0.350552 -1
1 -0.416112 3.317055 -0.416111 0.206841 0.331840 -1
1 -0.225198 3.082947 -0.543676 0.226642 0.318609 -1
1 -0.127564 3.698883 -0.307968 0.236769 0.343057 -1
1 -0.190913 3.533343 -0.460906 0.230198 0.327194 -1
1 -0.044795 2.611530 -0.108144 0.245354 0.363783 -1
1 -0.225198 3.317055 -0.543676 0.226642 0.318609 -1
304
-0.178600 0.402700 -0.897700
-0.508500 0.402700 -0.761100
-0.761100 0.402700 -0.508500
-0.897700 0.402700 -0.178600
-0.897700 0.402700 0.178600
-0.761100 0.402700 0.508500
-0.508500 0.402700 0.761100
-0.178600 0.402700 0.897700
0.178600 0.402700 0.897700
0.508500 0.402700 0.761100
0.761100 0.402700 0.508500
0.897700 0.402700 0.178600
0.897700 0.402700 -0.178600
0.761100 0.402700 -0.508500
0.508500 0.402700 -0.761100
-0.460000 0.560800 0.688400
-0.103500 0.847600 -0.520400
0.812000 0.560800 0.161500
0.161500 0.560800 0.812000
-0.688400 0.560800 0.460000
0.161500 0.560800 -0.812000
0.460000 0.560800 -0.688400
-0.460000 0.560800 -0.688400
0.688400 0.560800 0.460000
-0.812000 0.560800 0.161500
0.688400 0.560800 -0.460000
-0.161500 0.560800 0.812000
-0.161500 0.560800 -0.812000
0.460000 0.560800 0.688400
-0.812000 0.560800 -0.161500
0.812000 0.560800 -0.161500
0.180700 -0.376400 -0.908700
0.178600 0.402700 -0.897700
0.058900 0.953400 -0.295900
0.167600 0.953400 -0.250900
0.250900 0.953400 -0.167600
0.295900 0.953400 -0.058900
0.295900 0.953400 0.058900
0.250900 0.953400 0.167600
0.167600 0.953400 0.250900
0.058900 0.953400 0.295900
-0.058900 0.953400 0.295900
-0.167600 0.953400 0.250900
-0.250900 0.953400 0.167600
-0.295900 0.953400 0.058900
-0.295900 0.953400 -0.058900
-0.250900 0.953400 -0.167600
-0.023900 0.992400 -0.120300
-0.068100 0.992400 -0.102000
-0.102000 0.992400 -0.068100
-0.120300 0.992400 -0.023900
-0.120300 0.992400 0.023900
-0.102000 0.992400 0.068100
-0.068100 0.992400 0.102000
-0.023900 0.992400 0.120300
0.023900 0.992400 0.120300
0.068100 0.992400 0.102000
0.102000 0.992400 0.068100
0.120300 0.992400 0.023900
0.120300 0.992400 -0.023900
0.102000 0.992400 -0.068100
0.068100 0.992400 -0.102000
-0.294800 0.847600 -0.441200
-0.167600 0.953400 -0.250900
0.023900 0.992400 -0.120300
0.103500 0.847600 -0.520400
0.294800 0.847600 -0.441200
0.441200 0.847600 -0.294800
0.520400 0.847600 -0.103500
0.520400 0.847600 0.103500
0.441200 0.847600 0.294800
0.294800 0.847600 0.441200
0.103500 0.847600 0.520400
-0.103500 0.847600 0.520400
-0.294800 0.847600 0.441200
-0.441200 0.847600 0.294800
-0.520400 0.847600 0.103500
-0.520400 0.847600 -0.103500
-0.441200 0.847600 -0.294800
-0.079300 0.913700 -0.398700
-0.225800 0.913700 -0.338000
-0.338000 0.913700 -0.225800
-0.398700 0.913700 -0.079300
-0.398700 0.913700 0.079300
-0.338000 0.913700 0.225800
-0.225800 0.913700 0.338000
-0.079300 0.913700 0.398700
0.079300 0.913700 0.398700
0.225800 0.913700 0.338000
0.338000 0.913700 0.225800
0.398700 0.913700 0.079300
0.398700 0.913700 -0.079300
0.338000 0.913700 -0.225800
0.225800 0.913700 -0.338000
0.079300 0.913700 -0.398700
0.011800 0.998200 -0.059600
0.033700 0.998200 -0.050500
0.050500 0.998200 -0.033700
0.059600 0.998200 -0.011800
0.059600 0.998200 0.011800
0.050500 0.998200 0.033700
0.033700 0.998200 0.050500
0.011800 0.998200 0.059600
-0.011800 0.998200 0.059600
-0.033700 0.998200 0.050500
-0.050500 0.998200 0.033700
-0.059600 0.998200 0.011800
-0.059600 0.998200 -0.011800
-0.050500 0.998200 -0.033700
-0.033700 0.998200 -0.050500
-0.040700 0.978000 -0.204600
-0.115900 0.978000 -0.173500
-0.173500 0.978000 -0.115900
-0.204600 0.978000 -0.040700
-0.204600 0.978000 0.040700
-0.173500 0.978000 0.115900
-0.115900 0.978000 0.173500
-0.040700 0.978000 0.204600
0.040700 0.978000 0.204600
0.115900 0.978000 0.173500
0.173500 0.978000 0.115900
0.204600 0.978000 0.040700
0.204600 0.978000 -0.040700
0.173500 0.978000 -0.115900
0.115900 0.978000 -0.173500
-0.383100 0.724200 -0.573400
-0.058900 0.953400 -0.295900
0.040700 0.978000 -0.204600
0.134500 0.724200 -0.676400
0.383100 0.724200 -0.573400
0.573400 0.724200 -0.383100
0.676400 0.724200 -0.134500
0.676400 0.724200 0.134500
0.573400 0.724200 0.383100
0.383100 0.724200 0.573400
0.134500 0.724200 0.676400
-0.134500 0.724200 0.676400
-0.383100 0.724200 0.573400
-0.573400 0.724200 0.383100
-0.676400 0.724200 0.134500
-0.676400 0.724200 -0.134500
-0.573400 0.724200 -0.383100
-0.011200 0.999800 -0.016800
-0.016800 0.999800 -0.011200
-0.019800 0.999800 -0.003900
-0.019800 0.999800 0.003900
-0.016800 0.999800 0.011200
-0.011200 0.999800 0.016800
-0.003900 0.999800 0.019800
0.003900 0.999800 0.019800
0.011200 0.999800 0.016800
0.016800 0.999800 0.011200
0.019800 0.999800 0.003900
0.019800 0.999800 -0.003900
0.016800 0.999800 -0.011200
0.011200 0.999800 -0.016800
0.003900 0.999800 -0.019800
-0.688400 0.560800 -0.460000
-0.011800 0.998200 -0.059600
0.514700 -0.376400 -0.770300
0.019500 -0.995000 -0.098000
0.055500 0.995000 -0.083100
0.139300 0.700200 -0.700200
0.139300 -0.700200 -0.700200
0.180700 0.376400 -0.908700
0.195100 0.000000 -0.980800
0.075900 0.921200 -0.381600
0.396600 -0.700200 -0.593600
0.770300 0.376400 -0.514700
0.555600 0.000000 -0.831500
0.514700 0.376400 -0.770300
0.216100 0.921200 -0.323500
0.770300 -0.376400 -0.514700
0.055500 -0.995000 -0.083100
0.083100 0.995000 -0.055500
0.396600 0.700200 -0.593600
0.593600 -0.700200 -0.396600
0.381600 -0.921200 -0.075900
0.323500 -0.921200 -0.216100
0.831500 0.000000 -0.555600
0.323500 0.921200 -0.216100
0.908700 -0.376400 -0.180700
0.083100 -0.995000 -0.055500
0.098000 0.995000 -0.019500
0.593600 0.700200 -0.396600
0.700200 -0.700200 -0.139300
0.908700 0.376400 0.180700
0.980800 0.000000 -0.195100
0.908700 0.376400 -0.180700
0.381600 0.921200 -0.075900
0.908700 -0.376400 0.180700
0.098000 -0.995000 -0.019500
0.098000 0.995000 0.019500
0.700200 0.700200 -0.139300
0.700200 -0.700200 0.139300
0.323500 -0.921200 0.216100
0.381600 -0.921200 0.075900
0.980800 0.000000 0.195100
0.381600 0.921200 0.075900
0.770300 -0.376400 0.514700
0.098000 -0.995000 0.019500
0.083100 0.995000 0.055500
0.700200 0.700200 0.139300
0.770300 0.376400 0.514700
0.555600 0.000000 0.831500
0.831500 0.000000 0.555600
0.323500 0.921200 0.216100
0.514700 -0.376400 0.770300
0.083100 -0.995000 0.055500
0.055500 0.995000 0.083100
0.593600 0.700200 0.396600
0.593600 -0.700200 0.396600
0.216100 -0.921200 0.323500
0.195100 0.000000 0.980800
0.216100 0.921200 0.323500
0.180700 -0.376400 0.908700
0.055500 -0.995000 0.083100
0.019500 0.995000 0.098000
0.396600 0.700200 0.593600
0.396600 -0.700200 0.593600
0.514700 0.376400 0.770300
0.075900 -0.921200 0.381600
-0.075900 0.921200 0.381600
0.075900 0.921200 0.381600
-0.180700 -0.376400 0.908700
0.019500 -0.995000 0.098000
-0.019500 0.995000 0.098000
0.139300 0.700200 0.700200
0.139300 -0.700200 0.700200
0.180700 0.376400 0.908700
-0.195100 0.000000 0.980800
-0.514700 -0.376400 0.770300
-0.396600 0.700200 0.593600
-0.019500 -0.995000 0.098000
-0.055500 0.995000 0.083100
-0.139300 0.700200 0.700200
-0.139300 -0.700200 0.700200
-0.180700 0.376400 0.908700
-0.075900 -0.921200 0.381600
-0.770300 -0.376400 0.514700
-0.700200 0.700200 0.139300
-0.055500 -0.995000 0.083100
-0.083100 0.995000 0.055500
-0.216100 0.921200 0.323500
-0.396600 -0.700200 0.593600
-0.514700 0.376400 0.770300
-0.216100 -0.921200 0.323500
-0.555600 0.000000 0.831500
-0.323500 0.921200 0.216100
-0.908700 -0.376400 0.180700
-0.083100 -0.995000 0.055500
-0.098000 0.995000 0.019500
-0.593600 0.700200 0.396600
-0.593600 -0.700200 0.396600
-0.770300 0.376400 0.514700
-0.323500 -0.921200 0.216100
-0.831500 0.000000 0.555600
-0.908700 -0.376400 -0.180700
-0.098000 -0.995000 0.019500
-0.098000 0.995000 -0.019500
-0.700200 -0.700200 -0.139300
-0.700200 -0.700200 0.139300
-0.908700 0.376400 0.180700
-0.381600 -0.921200 0.075900
-0.980800 0.000000 0.195100
-0.381600 0.921200 0.075900
-0.098000 -0.995000 -0.019500
-0.083100 0.995000 -0.055500
-0.593600 0.700200 -0.396600
-0.908700 0.376400 -0.180700
-0.700200 0.700200 -0.139300
-0.381600 -0.921200 -0.075900
-0.980800 0.000000 -0.195100
-0.381600 0.921200 -0.075900
-0.770300 -0.376400 -0.514700
-0.083100 -0.995000 -0.055500
-0.055500 0.995000 -0.083100
-0.396600 -0.700200 -0.593600
-0.593600 -0.700200 -0.396600
-0.770300 0.376400 -0.514700
-0.323500 -0.921200 -0.216100
-0.831500 0.000000 -0.555600
-0.323500 0.921200 -0.216100
-0.514700 -0.376400 -0.770300
-0.396600 0.700200 -0.593600
-0.075900 -0.921200 -0.381600
-0.514700 0.376400 -0.770300
-0.216100 -0.921200 -0.323500
-0.555600 0.000000 -0.831500
-0.216100 0.921200 -0.323500
-0.180700 -0.376400 -0.908700
-0.055500 -0.995000 -0.083100
-0.019500 0.995000 -0.098000
-0.139300 -0.700200 -0.700200
0.075900 -0.921200 -0.381600
-0.195100 0.000000 -0.980800
-0.180700 0.376400 -0.908700
-0.075900 0.921200 -0.381600
0.019500 0.995000 -0.098000
-0.019500 -0.995000 -0.098000
0.216100 -0.921200 -0.323500
-0.139300 0.700200 -0.700200
-0.003900 0.999800 -0.019800
-0.134500 0.724200 -0.676400
560
1 0 1 2 0 0 0 1
1 0 2 3 0 0 0 1
1 3 2 4 1 1 1 1
1 3 4 5 1 1 1 1
1 5 4 6 2 2 2 1
1 5 6 7 2 2 2 1
1 7 6 8 3 3 3 1
1 7 8 9 3 3 3 1
1 9 8 10 4 4 4 1
1 9 10 11 4 4 4 1
1 11 10 12 5 5 5 1
1 11 12 13 5 5 5 1
1 13 12 14 6 6 6 1
1 13 14 15 6 6 6 1
1 15 14 16 7 7 7 1
1 15 16 17 7 7 7 1
1 17 16 18 8 8 8 1
1 17 18 19 8 8 8 1
1 19 18 20 9 9 9 1
1 19 20 21 9 9 9 1
1 21 20 22 10 10 10 1
1 21 22 23 10 10 10 1
1 23 22 24 11 11 11 1
1 23 24 25 11 11 11 1
1 25 24 26 12 12 12 1
1 25 26 27 12 12 12 1
1 27 26 28 13 13 13 1
1 27 28 29 13 13 13 1
1 29 28 30 14 14 14 1
1 29 30 31 14 14 14 1
1 28 32 33 15 15 15 1
1 28 33 30 15 15 15 1
1 34 35 36 16 16 16 1
1 34 36 37 16 16 16 1
1 6 38 39 17 17 17 1
1 6 39 8 17 17 17 1
1 40 41 2 18 18 18 1
1 40 2 1 18 18 18 1
1 26 42 32 19 19 19 1
1 26 32 28 19 19 19 1
1 43 44 16 20 20 20 1
1 43 16 14 20 20 20 1
1 12 45 43 21 21 21 1
1 12 43 14 21 21 21 1
1 18 46 47 22 22 22 1
1 18 47 20 22 22 22 1
1 4 48 38 23 23 23 1
1 4 38 6 23 23 23 1
1 24 49 42 24 24 24 1
1 24 42 26 24 24 24 1
1 10 50 45 25 25 25 1
1 10 45 12 25 25 25 1
1 30 33 51 26 26 26 1
1 30 51 52 26 26 26 1
1 16 44 46 27 27 27 1
1 16 46 18 27 27 27 1
1 2 41 48 28 28 28 1
1 2 48 4 28 28 28 1
1 22 53 49 29 29 29 1
1 22 49 24 29 29 29 1
1 8 39 50 30 30 30 1
1 8 50 10 30 30 30 1
1 54 55 56 31 31 31 1
1 54 56 57 31 31 31 1
1 31 30 52 32 32 32 1
1 31 52 58 32 32 32 1
1 59 60 61 33 33 33 1
1 59 61 62 33 33 33 1
1 61 63 64 34 34 34 1
1 61 64 62 34 34 34 1
1 63 65 66 35 35 35 1
1 63 66 64 35 35 35 1
1 65 67 68 36 36 36 1
1 65 68 66 36 36 36 1
1 67 69 70 37 37 37 1
1 67 70 68 37 37 37 1
1 69 71 72 38 38 38 1
1 69 72 70 38 38 38 1
1 71 73 74 39 39 39 1
1 71 74 72 39 39 39 1
1 73 75 76 40 40 40 1
1 73 76 74 40 40 40 1
1 75 77 78 41 41 41 1
1 75 78 76 41 41 41 1
1 77 79 80 42 42 42 1
1 77 80 78 42 42 42 1
1 79 81 82 43 43 43 1
1 79 82 80 43 43 43 1
1 81 83 84 44 44 44 1
1 81 84 82 44 44 44 1
1 83 85 86 45 45 45 1
1 83 86 84 45 45 45 1
1 85 87 88 46 46 46 1
1 85 88 86 46 46 46 1
1 89 90 91 47 47 47 1
1 89 91 92 47 47 47 1
1 92 91 93 48 48 48 1
1 92 93 94 48 48 48 1
1 94 93 95 49 49 49 1
1 94 95 96 49 49 49 1
1 96 95 97 50 50 50 1
1 96 97 98 50 50 50 1
1 98 97 99 51 51 51 1
1 98 99 100 51 51 51 1
1 100 99 101 52 52 52 1
1 100 101 102 52 52 52 1
1 102 101 103 53 53 53 1
1 102 103 104 53 53 53 1
1 104 103 105 54 54 54 1
1 104 105 106 54 54 54 1
1 106 105 107 55 55 55 1
1 106 107 108 55 55 55 1
1 108 107 109 56 56 56 1
1 108 109 110 56 56 56 1
1 110 109 111 57 57 57 1
1 110 111 112 57 57 57 1
1 112 111 113 58 58 58 1
1 112 113 114 58 58 58 1
1 114 113 115 59 59 59 1
1 114 115 116 59 59 59 1
1 116 115 117 60 60 60 1
1 116 117 118 60 60 60 1
1 118 117 119 61 61 61 1
1 118 119 120 61 61 61 1
1 121 34 37 62 62 62 1
1 121 37 122 62 62 62 1
1 87 123 124 63 63 63 1
1 87 124 88 63 63 63 1
1 120 119 125 64 64 64 1
1 120 125 126 64 64 64 1
1 127 128 129 65 65 65 1
1 127 129 130 65 65 65 1
1 129 131 132 66 66 66 1
1 129 132 130 66 66 66 1
1 131 133 134 67 67 67 1
1 131 134 132 67 67 67 1
1 133 135 136 68 68 68 1
1 133 136 134 68 68 68 1
1 135 137 138 69 69 69 1
1 135 138 136 69 69 69 1
1 137 139 140 70 70 70 1
1 137 140 138 70 70 70 1
1 139 141 142 71 71 71 1
1 139 142 140 71 71 71 1
1 141 143 144 72 72 72 1
1 141 144 142 72 72 72 1
1 143 145 146 73 73 73 1
1 143 146 144 73 73 73 1
1 145 147 148 74 74 74 1
1 145 148 146 74 74 74 1
1 147 149 150 75 75 75 1
1 147 150 148 75 75 75 1
1 149 151 152 76 76 76 1
1 149 152 150 76 76 76 1
1 151 153 154 77 77 77 1
1 151 154 152 77 77 77 1
1 153 121 122 78 78 78 1
1 153 122 154 78 78 78 1
1 35 34 124 79 79 79 1
1 35 124 155 79 79 79 1
1 124 34 121 80 80 80 1
1 124 121 88 80 80 80 1
1 88 121 153 81 81 81 1
1 88 153 86 81 81 81 1
1 86 153 151 82 82 82 1
1 86 151 84 82 82 82 1
1 84 151 149 83 83 83 1
1 84 149 82 83 83 83 1
1 82 149 147 84 84 84 1
1 82 147 80 84 84 84 1
1 80 147 145 85 85 85 1
1 80 145 78 85 85 85 1
1 78 145 143 86 86 86 1
1 78 143 76 86 86 86 1
1 76 143 141 87 87 87 1
1 76 141 74 87 87 87 1
1 74 141 139 88 88 88 1
1 74 139 72 88 88 88 1
1 72 139 137 89 89 89 1
1 72 137 70 89 89 89 1
1 70 137 135 90 90 90 1
1 70 135 68 90 90 90 1
1 68 135 133 91 91 91 1
1 68 133 66 91 91 91 1
1 66 133 131 92 92 92 1
1 66 131 64 92 92 92 1
1 64 131 129 93 93 93 1
1 64 129 62 93 93 93 1
1 62 129 128 94 94 94 1
1 62 128 59 94 94 94 1
1 156 120 126 95 95 95 1
1 156 126 157 95 95 95 1
1 158 118 120 96 96 96 1
1 158 120 156 96 96 96 1
1 159 116 118 97 97 97 1
1 159 118 158 97 97 97 1
1 160 114 116 98 98 98 1
1 160 116 159 98 98 98 1
1 161 112 114 99 99 99 1
1 161 114 160 99 99 99 1
1 162 110 112 100 100 100 1
1 162 112 161 100 100 100 1
1 163 108 110 101 101 101 1
1 163 110 162 101 101 101 1
1 164 106 108 102 102 102 1
1 164 108 163 102 102 102 1
1 165 104 106 103 103 103 1
1 165 106 164 103 103 103 1
1 166 102 104 104 104 104 1
1 166 104 165 104 104 104 1
1 167 100 102 105 105 105 1
1 167 102 166 105 105 105 1
1 168 98 100 106 106 106 1
1 168 100 167 106 106 106 1
1 169 96 98 107 107 107 1
1 169 98 168 107 107 107 1
1 170 94 96 108 108 108 1
1 170 96 169 108 108 108 1
1 171 92 94 109 109 109 1
1 171 94 170 109 109 109 1
1 90 172 123 110 110 110 1
1 90 123 91 110 110 110 1
1 91 123 87 111 111 111 1
1 91 87 93 111 111 111 1
1 93 87 85 112 112 112 1
1 93 85 95 112 112 112 1
1 95 85 83 113 113 113 1
1 95 83 97 113 113 113 1
1 97 83 81 114 114 114 1
1 97 81 99 114 114 114 1
1 99 81 79 115 115 115 1
1 99 79 101 115 115 115 1
1 101 79 77 116 116 116 1
1 101 77 103 116 116 116 1
1 103 77 75 117 117 117 1
1 103 75 105 117 117 117 1
1 105 75 73 118 118 118 1
1 105 73 107 118 118 118 1
1 107 73 71 119 119 119 1
1 107 71 109 119 119 119 1
1 109 71 69 120 120 120 1
1 109 69 111 120 120 120 1
1 111 69 67 121 121 121 1
1 111 67 113 121 121 121 1
1 113 67 65 122 122 122 1
1 113 65 115 122 122 122 1
1 115 65 63 123 123 123 1
1 115 63 117 123 123 123 1
1 117 63 61 124 124 124 1
1 117 61 119 124 124 124 1
1 122 37 3 125 125 125 1
1 122 3 5 125 125 125 1
1 123 172 155 126 126 126 1
1 123 155 124 126 126 126 1
1 119 61 60 127 127 127 1
1 119 60 125 127 127 127 1
1 58 127 130 128 128 128 1
1 58 130 31 128 128 128 1
1 130 132 29 129 129 129 1
1 130 29 31 129 129 129 1
1 132 134 27 130 130 130 1
1 132 27 29 130 130 130 1
1 134 136 25 131 131 131 1
1 134 25 27 131 131 131 1
1 136 138 23 132 132 132 1
1 136 23 25 132 132 132 1
1 138 140 21 133 133 133 1
1 138 21 23 133 133 133 1
1 140 142 19 134 134 134 1
1 140 19 21 134 134 134 1
1 142 144 17 135 135 135 1
1 142 17 19 135 135 135 1
1 144 146 15 136 136 136 1
1 144 15 17 136 136 136 1
1 146 148 13 137 137 137 1
1 146 13 15 137 137 137 1
1 148 150 11 138 138 138 1
1 148 11 13 138 138 138 1
1 150 152 9 139 139 139 1
1 150 9 11 139 139 139 1
1 152 154 7 140 140 140 1
1 152 7 9 140 140 140 1
1 154 122 5 141 141 141 1
1 154 5 7 141 141 141 1
1 173 174 175 142 142 142 1
1 174 176 175 143 143 143 1
1 176 177 175 144 144 144 1
1 177 178 175 145 145 145 1
1 178 179 175 146 146 146 1
1 179 180 175 147 147 147 1
1 180 181 175 148 148 148 1
1 181 182 175 149 149 149 1
1 182 183 175 150 150 150 1
1 183 184 175 151 151 151 1
1 184 185 175 152 152 152 1
1 185 186 175 153 153 153 1
1 186 187 175 154 154 154 1
1 187 188 175 155 155 155 1
1 188 189 175 156 156 156 1
1 47 53 22 157 157 157 1
1 47 22 20 157 157 157 1
1 190 89 92 158 158 158 1
1 190 92 171 158 158 158 1
1 191 192 55 159 159 159 1
1 191 55 54 159 159 159 1
1 193 194 195 160 160 160 1
1 196 197 198 161 161 161 1
1 199 200 201 162 162 162 1
1 199 201 202 162 162 162 1
1 55 203 204 163 163 163 1
1 55 204 56 163 163 163 1
1 200 205 206 164 164 164 1
1 200 206 201 164 164 164 1
1 205 54 57 165 165 165 1
1 205 57 206 165 165 165 1
1 198 199 202 166 166 166 1
1 198 202 207 166 166 166 1
1 192 208 203 167 167 167 1
1 192 203 55 167 167 167 1
1 209 210 211 168 168 168 1
1 209 211 212 168 168 168 1
1 211 191 54 169 169 169 1
1 211 54 205 169 169 169 1
1 212 211 205 170 170 170 1
1 212 205 200 170 170 170 1
1 197 213 199 171 171 171 1
1 197 199 198 171 171 171 1
1 214 215 192 172 172 172 1
1 214 192 191 172 172 172 1
1 193 216 194 173 173 173 1
1 196 217 197 174 174 174 1
1 213 212 200 175 175 175 1
1 213 200 199 175 175 175 1
1 215 218 208 176 176 176 1
1 215 208 192 176 176 176 1
1 219 220 221 177 177 177 1
1 219 221 218 177 177 177 1
1 218 221 216 178 178 178 1
1 218 216 208 178 178 178 1
1 210 214 191 179 179 179 1
1 210 191 211 179 179 179 1
1 217 222 213 180 180 180 1
1 217 213 197 180 180 180 1
1 223 224 215 181 181 181 1
1 223 215 214 181 181 181 1
1 216 221 194 182 182 182 1
1 196 225 217 183 183 183 1
1 222 209 212 184 184 184 1
1 222 212 213 184 184 184 1
1 224 219 218 185 185 185 1
1 224 218 215 185 185 185 1
1 226 227 228 186 186 186 1
1 226 228 229 186 186 186 1
1 228 223 214 187 187 187 1
1 228 214 210 187 187 187 1
1 229 228 210 188 188 188 1
1 229 210 209 188 188 188 1
1 225 230 222 189 189 189 1
1 225 222 217 189 189 189 1
1 231 232 224 190 190 190 1
1 231 224 223 190 190 190 1
1 221 220 194 191 191 191 1
1 196 233 225 192 192 192 1
1 230 229 209 193 193 193 1
1 230 209 222 193 193 193 1
1 232 234 219 194 194 194 1
1 232 219 224 194 194 194 1
1 235 236 237 195 195 195 1
1 235 237 234 195 195 195 1
1 234 237 220 196 196 196 1
1 234 220 219 196 196 196 1
1 227 231 223 197 197 197 1
1 227 223 228 197 197 197 1
1 233 238 230 198 198 198 1
1 233 230 225 198 198 198 1
1 239 240 232 199 199 199 1
1 239 232 231 199 199 199 1
1 220 237 194 200 200 200 1
1 196 241 233 201 201 201 1
1 238 226 229 202 202 202 1
1 238 229 230 202 202 202 1
1 242 243 227 203 203 203 1
1 242 227 226 203 203 203 1
1 244 245 239 204 204 204 1
1 244 239 243 204 204 204 1
1 243 239 231 205 205 205 1
1 243 231 227 205 205 205 1
1 241 246 238 206 206 206 1
1 241 238 233 206 206 206 1
1 245 247 240 207 207 207 1
1 245 240 239 207 207 207 1
1 237 236 194 208 208 208 1
1 196 248 241 209 209 209 1
1 246 242 226 210 210 210 1
1 246 226 238 210 210 210 1
1 240 235 234 211 211 211 1
1 240 234 232 211 211 211 1
1 249 250 236 212 212 212 1
1 249 236 235 212 212 212 1
1 251 252 245 213 213 213 1
1 251 245 244 213 213 213 1
1 248 253 246 214 214 214 1
1 248 246 241 214 214 214 1
1 252 254 247 215 215 215 1
1 252 247 245 215 215 215 1
1 236 250 194 216 216 216 1
1 196 255 248 217 217 217 1
1 253 256 242 218 218 218 1
1 253 242 246 218 218 218 1
1 247 249 235 219 219 219 1
1 247 235 240 219 219 219 1
1 256 244 243 220 220 220 1
1 256 243 242 220 220 220 1
1 257 258 250 221 221 221 1
1 257 250 249 221 221 221 1
1 259 260 261 222 222 222 1
1 259 261 255 222 222 222 1
1 255 261 253 223 223 223 1
1 255 253 248 223 223 223 1
1 262 263 254 224 224 224 1
1 262 254 252 224 224 224 1
1 250 258 194 225 225 225 1
1 196 259 255 226 226 226 1
1 261 264 256 227 227 227 1
1 261 256 253 227 227 227 1
1 254 257 249 228 228 228 1
1 254 249 247 228 228 228 1
1 264 251 244 229 229 229 1
1 264 244 256 229 229 229 1
1 265 262 252 230 230 230 1
1 265 252 251 230 230 230 1
1 266 267 263 231 231 231 1
1 266 263 262 231 231 231 1
1 268 269 270 232 232 232 1
1 268 270 260 232 232 232 1
1 258 271 194 233 233 233 1
1 196 272 259 234 234 234 1
1 260 270 264 235 235 235 1
1 260 264 261 235 235 235 1
1 263 273 257 236 236 236 1
1 263 257 254 236 236 236 1
1 270 265 251 237 237 237 1
1 270 251 264 237 237 237 1
1 273 271 258 238 238 238 1
1 273 258 257 238 238 238 1
1 274 275 267 239 239 239 1
1 274 267 266 239 239 239 1
1 276 277 278 240 240 240 1
1 276 278 279 240 240 240 1
1 271 280 194 241 241 241 1
1 196 281 272 242 242 242 1
1 272 268 260 243 243 243 1
1 272 260 259 243 243 243 1
1 267 282 273 244 244 244 1
1 267 273 263 244 244 244 1
1 269 283 265 245 245 245 1
1 269 265 270 245 245 245 1
1 282 280 271 246 246 246 1
1 282 271 273 246 246 246 1
1 283 266 262 247 247 247 1
1 283 262 265 247 247 247 1
1 281 279 268 248 248 248 1
1 281 268 272 248 248 248 1
1 284 285 275 249 249 249 1
1 284 275 274 249 249 249 1
1 280 286 194 250 250 250 1
1 196 287 281 251 251 251 1
1 279 278 269 252 252 252 1
1 279 269 268 252 252 252 1
1 275 288 282 253 253 253 1
1 275 282 267 253 253 253 1
1 278 289 283 254 254 254 1
1 278 283 269 254 254 254 1
1 288 286 280 255 255 255 1
1 288 280 282 255 255 255 1
1 289 274 266 256 256 256 1
1 289 266 283 256 256 256 1
1 290 291 285 257 257 257 1
1 290 285 284 257 257 257 1
1 286 292 194 258 258 258 1
1 196 293 287 259 259 259 1
1 291 294 295 260 260 260 1
1 291 295 285 260 260 260 1
1 285 295 288 261 261 261 1
1 285 288 275 261 261 261 1
1 277 296 289 262 262 262 1
1 277 289 278 262 262 262 1
1 295 292 286 263 263 263 1
1 295 286 288 263 263 263 1
1 296 284 274 264 264 264 1
1 296 274 289 264 264 264 1
1 287 276 279 265 265 265 1
1 287 279 281 265 265 265 1
1 292 297 194 266 266 266 1
1 196 298 293 267 267 267 1
1 299 300 301 268 268 268 1
1 299 301 302 268 268 268 1
1 301 303 296 269 269 269 1
1 301 296 277 269 269 269 1
1 302 301 277 270 270 270 1
1 302 277 276 270 270 270 1
1 294 297 292 271 271 271 1
1 294 292 295 271 271 271 1
1 303 290 284 272 272 272 1
1 303 284 296 272 272 272 1
1 293 302 276 273 273 273 1
1 293 276 287 273 273 273 1
1 304 305 291 274 274 274 1
1 304 291 290 274 274 274 1
1 297 306 194 275 275 275 1
1 196 307 298 276 276 276 1
1 308 309 310 277 277 277 1
1 308 310 305 277 277 277 1
1 305 310 294 278 278 278 1
1 305 294 291 278 278 278 1
1 300 311 303 279 279 279 1
1 300 303 301 279 279 279 1
1 310 306 297 280 280 280 1
1 310 297 294 280 280 280 1
1 311 304 290 281 281 281 1
1 311 290 303 281 281 281 1
1 298 299 302 282 282 282 1
1 298 302 293 282 282 282 1
1 312 308 305 283 283 283 1
1 312 305 304 283 283 283 1
1 313 314 300 284 284 284 1
1 313 300 299 284 284 284 1
1 204 195 315 285 285 285 1
1 204 315 309 285 285 285 1
1 314 316 311 286 286 286 1
1 314 311 300 286 286 286 1
1 309 315 306 287 287 287 1
1 309 306 310 287 287 287 1
1 316 312 304 288 288 288 1
1 316 304 311 288 288 288 1
1 307 313 299 289 289 289 1
1 307 299 298 289 289 289 1
1 57 56 308 290 290 290 1
1 57 308 312 290 290 290 1
1 306 315 194 291 291 291 1
1 196 207 307 292 292 292 1
1 56 204 309 293 293 293 1
1 56 309 308 293 293 293 1
1 203 193 195 294 294 294 1
1 203 195 204 294 294 294 1
1 206 57 312 295 295 295 1
1 206 312 316 295 295 295 1
1 201 206 316 296 296 296 1
1 201 316 314 296 296 296 1
1 207 202 313 297 297 297 1
1 207 313 307 297 297 297 1
1 196 198 207 298 298 298 1
1 315 195 194 299 299 299 1
1 208 216 193 300 300 300 1
1 208 193 203 300 300 300 1
1 202 201 314 301 301 301 1
1 202 314 313 301 301 301 1
1 189 173 175 302 302 302 1
1 37 36 0 303 303 303 1
1 37 0 3 303 303 303 1

Materials: 1
"None"
1.000000 1.000000 1.000000 1.000000
1.000000 1.000000 1.000000 1.000000
1.000000 1.000000 1.000000 1.000000
1.000000 1.000000 1.000000 1.000000
0.128000
1.000000
"Jiang_Hat_UV.png"
""

Bones: 0
GroupComments: 0
MaterialComments: 0
BoneComments: 0
ModelComment: 0
