// MilkShape 3D ASCII

Frames: 30
Frame: 1

Meshes: 1
"default" 0 0
140
0 -1.410714 1.848897 0.000000 0.666688 0.625704 -1
0 -1.480778 2.074815 -0.000000 0.666688 0.597003 -1
0 -1.282391 2.074815 -0.740388 0.583357 0.597003 -1
0 -1.221714 1.848897 -0.705357 0.583357 0.625704 -1
0 -1.344571 1.559626 0.000000 0.666688 0.674423 -1
0 -1.164432 1.559626 -0.672285 0.583357 0.674423 -1
0 -1.303433 1.235930 0.000000 0.666688 0.744665 -1
0 -1.128806 1.235930 -0.651716 0.583357 0.744665 -1
0 -1.299288 0.756381 0.000000 0.666688 0.860507 -1
0 -1.125216 0.756381 -0.649643 0.583357 0.860507 -1
0 -1.347499 0.002925 0.000000 0.666688 0.999977 -1
0 -1.166968 0.002925 -0.673749 0.583357 0.999977 -1
0 -1.347499 0.002925 0.000000 0.108861 0.212396 -1
0 -1.824118 0.005493 0.000000 0.058772 0.198972 -1
0 -1.579733 0.005493 -0.912059 0.058766 0.301704 -1
0 -1.166968 0.002925 -0.673749 0.108857 0.288286 -1
0 -2.381920 -0.000004 0.000000 0.000149 0.183261 -1
0 -2.062803 -0.000004 -1.190959 0.000142 0.317409 -1
0 -0.000000 2.278519 0.000000 0.669311 0.332472 -1
0 -1.600630 2.279872 0.000000 0.546169 0.209330 -1
0 -1.386186 2.279872 -0.800315 0.501096 0.287399 -1
0 -1.600630 2.279872 0.000000 0.666688 0.581150 -1
0 -1.386186 2.279872 -0.800315 0.583357 0.581150 -1
0 -0.740389 2.074815 -1.282390 0.500008 0.597003 -1
0 -0.800315 2.279872 -1.386186 0.500008 0.581150 -1
0 -0.800315 2.279872 -1.386186 0.501096 0.377545 -1
0 -1.190960 -0.000004 -2.062803 0.067207 0.433589 -1
0 -0.912059 0.005493 -1.579732 0.110126 0.390677 -1
0 -0.673750 0.002925 -1.166968 0.146798 0.354011 -1
0 -0.673750 0.002925 -1.166968 0.500008 0.999977 -1
0 -0.649644 0.756381 -1.125216 0.500008 0.860507 -1
0 -0.651717 1.235930 -1.128806 0.500008 0.744665 -1
0 -0.672285 1.559626 -1.164432 0.500008 0.674423 -1
0 -0.705357 1.848897 -1.221714 0.500008 0.625704 -1
0 -0.000000 2.074815 -1.480777 0.416652 0.597003 -1
0 -0.000000 1.848897 -1.410714 0.416652 0.625704 -1
0 -0.000000 1.559626 -1.344570 0.416652 0.674423 -1
0 -0.000000 1.235930 -1.303432 0.416652 0.744665 -1
0 -0.000000 0.756381 -1.299287 0.416652 0.860507 -1
0 -0.000000 0.002925 -1.347499 0.416652 0.999977 -1
0 -0.000000 0.005493 -1.824118 0.199091 0.442051 -1
0 -0.000000 0.002925 -1.347499 0.212517 0.391962 -1
0 -0.000000 -0.000004 -2.381919 0.183377 0.500674 -1
0 -0.000000 2.279872 -1.600630 0.546169 0.455614 -1
0 -0.000000 2.279872 -1.600630 0.416652 0.581150 -1
0 0.740388 2.074815 -1.282390 0.333308 0.597003 -1
0 0.800314 2.279872 -1.386186 0.333308 0.581150 -1
0 0.800314 2.279872 -1.386186 0.624238 0.500687 -1
0 1.190959 -0.000004 -2.062803 0.317577 0.500673 -1
0 0.912059 0.005493 -1.579733 0.301863 0.442051 -1
0 0.673749 0.002925 -1.166968 0.288437 0.391962 -1
0 0.673749 0.002925 -1.166968 0.333308 0.999977 -1
0 0.649643 0.756381 -1.125216 0.333308 0.860507 -1
0 0.651716 1.235930 -1.128806 0.333308 0.744665 -1
0 0.672285 1.559626 -1.164432 0.333308 0.674423 -1
0 0.705357 1.848897 -1.221714 0.333308 0.625704 -1
0 1.282390 2.074815 -0.740388 0.249984 0.597003 -1
0 1.221714 1.848897 -0.705357 0.249984 0.625704 -1
0 1.164432 1.559626 -0.672285 0.249984 0.674423 -1
0 1.128805 1.235930 -0.651716 0.249984 0.744665 -1
0 1.125215 0.756381 -0.649644 0.249984 0.860507 -1
0 1.166968 0.002925 -0.673749 0.249984 0.999977 -1
0 1.579732 0.005493 -0.912059 0.390828 0.390677 -1
0 1.166968 0.002925 -0.673749 0.354156 0.354011 -1
0 2.062802 -0.000004 -1.190960 0.433747 0.433589 -1
0 1.386186 2.279872 -0.800315 0.714384 0.500687 -1
0 1.386186 2.279872 -0.800315 0.249984 0.581150 -1
0 1.480777 2.074815 0.000000 0.166668 0.597003 -1
0 1.600629 2.279872 0.000000 0.166668 0.581150 -1
0 1.600629 2.279872 0.000000 0.792453 0.455614 -1
0 2.381919 -0.000004 -0.000000 0.500813 0.317409 -1
0 1.824118 0.005493 0.000000 0.442188 0.301704 -1
0 1.347498 0.002925 -0.000000 0.392097 0.288286 -1
0 1.347498 0.002925 -0.000000 0.166668 0.999977 -1
0 1.299287 0.756381 -0.000000 0.166668 0.860507 -1
0 1.303432 1.235930 0.000000 0.166668 0.744665 -1
0 1.344570 1.559626 0.000000 0.166668 0.674423 -1
0 1.410713 1.848897 0.000000 0.166668 0.625704 -1
0 1.282390 2.074815 0.740389 0.083343 0.597003 -1
0 1.221714 1.848897 0.705357 0.083343 0.625704 -1
0 1.164432 1.559626 0.672285 0.083343 0.674423 -1
0 1.128805 1.235930 0.651716 0.083343 0.744665 -1
0 1.125215 0.756381 0.649644 0.083343 0.860507 -1
0 1.166968 0.002925 0.673749 0.083343 0.999977 -1
0 1.579732 0.005493 0.912059 0.442182 0.198972 -1
0 1.166968 0.002925 0.673749 0.392093 0.212396 -1
0 2.062802 -0.000004 1.190960 0.500806 0.183261 -1
0 1.386185 2.279872 0.800315 0.837526 0.377545 -1
0 1.386185 2.279872 0.800315 0.083343 0.581150 -1
0 0.740388 2.074815 1.282391 0.000004 0.597003 -1
0 0.800314 2.279872 1.386186 0.000004 0.581150 -1
0 0.800314 2.279872 1.386186 0.837526 0.287399 -1
0 1.190959 -0.000004 2.062803 0.433728 0.067088 -1
0 0.912059 0.005493 1.579733 0.390813 0.110005 -1
0 0.673749 0.002925 1.166968 0.354146 0.146674 -1
0 0.673749 0.002925 1.166968 0.000004 0.999977 -1
0 0.649643 0.756381 1.125216 0.000004 0.860507 -1
0 0.651716 1.235930 1.128806 0.000004 0.744665 -1
0 0.672285 1.559626 1.164432 0.000004 0.674423 -1
0 0.705357 1.848897 1.221714 0.000004 0.625704 -1
0 0.705357 1.848897 1.221714 1.000004 0.625704 -1
0 0.740388 2.074815 1.282391 1.000004 0.597003 -1
0 -0.000000 2.074815 1.480777 0.916659 0.597003 -1
0 -0.000000 1.848897 1.410714 0.916659 0.625704 -1
0 0.672285 1.559626 1.164432 1.000004 0.674423 -1
0 -0.000000 1.559626 1.344570 0.916659 0.674423 -1
0 0.651716 1.235930 1.128806 1.000004 0.744665 -1
0 -0.000000 1.235930 1.303432 0.916659 0.744665 -1
0 0.649643 0.756381 1.125216 1.000004 0.860507 -1
0 -0.000000 0.756381 1.299287 0.916659 0.860507 -1
0 0.673749 0.002925 1.166968 1.000004 0.999977 -1
0 -0.000000 0.002925 1.347499 0.916659 0.999977 -1
0 -0.000000 0.005493 1.824118 0.301843 0.058640 -1
0 -0.000000 0.002925 1.347499 0.288422 0.108730 -1
0 -0.000000 -0.000004 2.381919 0.317551 0.000016 -1
0 -0.000000 2.279872 1.600629 0.792453 0.209330 -1
0 0.800314 2.279872 1.386186 1.000004 0.581150 -1
0 -0.000000 2.279872 1.600629 0.916659 0.581150 -1
0 -0.740389 2.074815 1.282391 0.833325 0.597003 -1
0 -0.800315 2.279872 1.386186 0.833325 0.581150 -1
0 -0.800315 2.279872 1.386186 0.714384 0.164257 -1
0 -1.190960 -0.000004 2.062803 0.183403 0.000016 -1
0 -0.912059 0.005493 1.579733 0.199111 0.058640 -1
0 -0.673750 0.002925 1.166968 0.212532 0.108730 -1
0 -0.673750 0.002925 1.166968 0.833325 0.999977 -1
0 -0.649644 0.756381 1.125216 0.833325 0.860507 -1
0 -0.651716 1.235930 1.128806 0.833325 0.744665 -1
0 -0.672285 1.559626 1.164432 0.833325 0.674423 -1
0 -0.705357 1.848897 1.221714 0.833325 0.625704 -1
0 -1.282391 2.074815 0.740389 0.750005 0.597003 -1
0 -1.221714 1.848897 0.705357 0.750005 0.625704 -1
0 -1.164432 1.559626 0.672285 0.750005 0.674423 -1
0 -1.128806 1.235930 0.651716 0.750005 0.744665 -1
0 -1.125216 0.756381 0.649643 0.750005 0.860507 -1
0 -1.166968 0.002925 0.673749 0.750005 0.999977 -1
0 -1.579733 0.005493 0.912059 0.110141 0.110005 -1
0 -1.166968 0.002925 0.673749 0.146809 0.146674 -1
0 -2.062803 -0.000004 1.190960 0.067227 0.067088 -1
0 -1.386186 2.279872 0.800314 0.624238 0.164257 -1
0 -1.386186 2.279872 0.800314 0.750005 0.581150 -1
108
-0.925300 -0.287000 -0.247900
0.943200 0.215700 0.252700
0.958700 0.121800 0.256900
0.965900 0.008300 0.258800
0.964100 -0.061700 0.258300
-0.005400 -1.000000 -0.001400
0.009900 -0.999900 0.002600
-0.000800 -1.000000 -0.000200
0.841100 0.491600 0.225400
0.615800 0.491600 0.615800
-0.000600 -1.000000 -0.000600
0.007200 -0.999900 0.007200
-0.003900 -1.000000 -0.003900
0.705800 -0.061700 0.705800
0.707100 0.008300 0.707100
0.701800 0.121800 0.701800
0.690500 0.215700 0.690500
-0.677400 -0.287000 -0.677400
-0.247900 -0.287000 -0.925300
0.252700 0.215700 0.943200
0.256900 0.121800 0.958700
0.258800 0.008300 0.965900
0.258300 -0.061700 0.964100
-0.001400 -1.000000 -0.005400
0.002600 -0.999900 0.009900
-0.000200 -1.000000 -0.000800
0.225400 0.491600 0.841100
-0.225400 0.491600 0.841100
0.000200 -1.000000 -0.000800
-0.002600 -0.999900 0.009900
0.001400 -1.000000 -0.005400
-0.258300 -0.061700 0.964100
-0.258800 0.008300 0.965900
-0.256900 0.121800 0.958700
-0.252700 0.215700 0.943200
0.247900 -0.287000 -0.925300
0.677400 -0.287000 -0.677400
-0.690500 0.215700 0.690500
-0.701800 0.121800 0.701800
-0.707100 0.008300 0.707100
-0.705800 -0.061700 0.705800
0.003900 -1.000000 -0.003900
-0.007200 -0.999900 0.007200
0.000600 -1.000000 -0.000600
-0.615800 0.491600 0.615800
-0.841100 0.491600 0.225400
0.000800 -1.000000 -0.000200
-0.009900 -0.999900 0.002600
0.005400 -1.000000 -0.001400
-0.964100 -0.061700 0.258300
-0.965900 0.008300 0.258800
-0.958700 0.121800 0.256900
-0.943200 0.215700 0.252700
0.925300 -0.287000 -0.247900
0.925300 -0.287000 0.247900
-0.943200 0.215700 -0.252700
-0.958700 0.121800 -0.256900
-0.965900 0.008300 -0.258800
-0.964100 -0.061700 -0.258300
0.005400 -1.000000 0.001400
-0.009900 -0.999900 -0.002600
0.000800 -1.000000 0.000200
-0.841100 0.491600 -0.225400
-0.615800 0.491600 -0.615800
0.000600 -1.000000 0.000600
-0.007200 -0.999900 -0.007200
0.003900 -1.000000 0.003900
-0.705800 -0.061700 -0.705800
-0.707100 0.008300 -0.707100
-0.701800 0.121800 -0.701800
-0.690500 0.215700 -0.690500
0.677400 -0.287000 0.677400
0.247900 -0.287000 0.925300
-0.252700 0.215700 -0.943200
-0.256900 0.121800 -0.958700
-0.258800 0.008300 -0.965900
-0.258300 -0.061700 -0.964100
0.001400 -1.000000 0.005400
-0.002600 -0.999900 -0.009900
0.000200 -1.000000 0.000800
-0.225400 0.491600 -0.841100
0.225400 0.491600 -0.841100
-0.000200 -1.000000 0.000800
0.002600 -0.999900 -0.009900
-0.001400 -1.000000 0.005400
0.258300 -0.061700 -0.964100
0.258800 0.008300 -0.965900
0.256900 0.121800 -0.958700
0.252700 0.215700 -0.943200
-0.247900 -0.287000 0.925300
-0.677400 -0.287000 0.677400
0.690500 0.215700 -0.690500
0.701800 0.121800 -0.701800
0.707100 0.008300 -0.707100
0.705800 -0.061700 -0.705800
-0.003900 -1.000000 0.003900
0.007200 -0.999900 -0.007200
-0.000600 -1.000000 0.000600
0.615800 0.491600 -0.615800
0.841100 0.491600 -0.225400
-0.000800 -1.000000 0.000200
0.009900 -0.999900 -0.002600
-0.005400 -1.000000 0.001400
0.964100 -0.061700 -0.258300
0.965900 0.008300 -0.258800
0.958700 0.121800 -0.256900
0.943200 0.215700 -0.252700
-0.925300 -0.287000 0.247900
204
0 0 1 2 0 0 0 1
0 0 2 3 0 0 0 1
0 0 4 5 1 1 1 1
0 0 5 3 1 1 1 1
0 4 6 7 2 2 2 1
0 4 7 5 2 2 2 1
0 6 8 9 3 3 3 1
0 6 9 7 3 3 3 1
0 8 10 11 4 4 4 1
0 8 11 9 4 4 4 1
0 12 13 14 5 5 5 1
0 12 14 15 5 5 5 1
0 13 16 17 6 6 6 1
0 13 17 14 6 6 6 1
0 18 19 20 7 7 7 1
0 21 1 2 8 8 8 1
0 21 2 22 8 8 8 1
0 22 2 23 9 9 9 1
0 22 23 24 9 9 9 1
0 18 20 25 10 10 10 1
0 14 17 26 11 11 11 1
0 14 26 27 11 11 11 1
0 15 14 27 12 12 12 1
0 15 27 28 12 12 12 1
0 9 11 29 13 13 13 1
0 9 29 30 13 13 13 1
0 7 9 30 14 14 14 1
0 7 30 31 14 14 14 1
0 5 7 31 15 15 15 1
0 5 31 32 15 15 15 1
0 3 5 32 16 16 16 1
0 3 32 33 16 16 16 1
0 3 2 23 17 17 17 1
0 3 23 33 17 17 17 1
0 33 23 34 18 18 18 1
0 33 34 35 18 18 18 1
0 33 32 36 19 19 19 1
0 33 36 35 19 19 19 1
0 32 31 37 20 20 20 1
0 32 37 36 20 20 20 1
0 31 30 38 21 21 21 1
0 31 38 37 21 21 21 1
0 30 29 39 22 22 22 1
0 30 39 38 22 22 22 1
0 28 27 40 23 23 23 1
0 28 40 41 23 23 23 1
0 27 26 42 24 24 24 1
0 27 42 40 24 24 24 1
0 18 25 43 25 25 25 1
0 24 23 34 26 26 26 1
0 24 34 44 26 26 26 1
0 44 34 45 27 27 27 1
0 44 45 46 27 27 27 1
0 18 43 47 28 28 28 1
0 40 42 48 29 29 29 1
0 40 48 49 29 29 29 1
0 41 40 49 30 30 30 1
0 41 49 50 30 30 30 1
0 38 39 51 31 31 31 1
0 38 51 52 31 31 31 1
0 37 38 52 32 32 32 1
0 37 52 53 32 32 32 1
0 36 37 53 33 33 33 1
0 36 53 54 33 33 33 1
0 35 36 54 34 34 34 1
0 35 54 55 34 34 34 1
0 35 34 45 35 35 35 1
0 35 45 55 35 35 35 1
0 55 45 56 36 36 36 1
0 55 56 57 36 36 36 1
0 55 54 58 37 37 37 1
0 55 58 57 37 37 37 1
0 54 53 59 38 38 38 1
0 54 59 58 38 38 38 1
0 53 52 60 39 39 39 1
0 53 60 59 39 39 39 1
0 52 51 61 40 40 40 1
0 52 61 60 40 40 40 1
0 50 49 62 41 41 41 1
0 50 62 63 41 41 41 1
0 49 48 64 42 42 42 1
0 49 64 62 42 42 42 1
0 18 47 65 43 43 43 1
0 46 45 56 44 44 44 1
0 46 56 66 44 44 44 1
0 66 56 67 45 45 45 1
0 66 67 68 45 45 45 1
0 18 65 69 46 46 46 1
0 62 64 70 47 47 47 1
0 62 70 71 47 47 47 1
0 63 62 71 48 48 48 1
0 63 71 72 48 48 48 1
0 60 61 73 49 49 49 1
0 60 73 74 49 49 49 1
0 59 60 74 50 50 50 1
0 59 74 75 50 50 50 1
0 58 59 75 51 51 51 1
0 58 75 76 51 51 51 1
0 57 58 76 52 52 52 1
0 57 76 77 52 52 52 1
0 57 56 67 53 53 53 1
0 57 67 77 53 53 53 1
0 77 67 78 54 54 54 1
0 77 78 79 54 54 54 1
0 77 76 80 55 55 55 1
0 77 80 79 55 55 55 1
0 76 75 81 56 56 56 1
0 76 81 80 56 56 56 1
0 75 74 82 57 57 57 1
0 75 82 81 57 57 57 1
0 74 73 83 58 58 58 1
0 74 83 82 58 58 58 1
0 72 71 84 59 59 59 1
0 72 84 85 59 59 59 1
0 71 70 86 60 60 60 1
0 71 86 84 60 60 60 1
0 18 69 87 61 61 61 1
0 68 67 78 62 62 62 1
0 68 78 88 62 62 62 1
0 88 78 89 63 63 63 1
0 88 89 90 63 63 63 1
0 18 87 91 64 64 64 1
0 84 86 92 65 65 65 1
0 84 92 93 65 65 65 1
0 85 84 93 66 66 66 1
0 85 93 94 66 66 66 1
0 82 83 95 67 67 67 1
0 82 95 96 67 67 67 1
0 81 82 96 68 68 68 1
0 81 96 97 68 68 68 1
0 80 81 97 69 69 69 1
0 80 97 98 69 69 69 1
0 79 80 98 70 70 70 1
0 79 98 99 70 70 70 1
0 79 78 89 71 71 71 1
0 79 89 99 71 71 71 1
0 100 101 102 72 72 72 1
0 100 102 103 72 72 72 1
0 100 104 105 73 73 73 1
0 100 105 103 73 73 73 1
0 104 106 107 74 74 74 1
0 104 107 105 74 74 74 1
0 106 108 109 75 75 75 1
0 106 109 107 75 75 75 1
0 108 110 111 76 76 76 1
0 108 111 109 76 76 76 1
0 94 93 112 77 77 77 1
0 94 112 113 77 77 77 1
0 93 92 114 78 78 78 1
0 93 114 112 78 78 78 1
0 18 91 115 79 79 79 1
0 116 101 102 80 80 80 1
0 116 102 117 80 80 80 1
0 117 102 118 81 81 81 1
0 117 118 119 81 81 81 1
0 18 115 120 82 82 82 1
0 112 114 121 83 83 83 1
0 112 121 122 83 83 83 1
0 113 112 122 84 84 84 1
0 113 122 123 84 84 84 1
0 109 111 124 85 85 85 1
0 109 124 125 85 85 85 1
0 107 109 125 86 86 86 1
0 107 125 126 86 86 86 1
0 105 107 126 87 87 87 1
0 105 126 127 87 87 87 1
0 103 105 127 88 88 88 1
0 103 127 128 88 88 88 1
0 103 102 118 89 89 89 1
0 103 118 128 89 89 89 1
0 128 118 129 90 90 90 1
0 128 129 130 90 90 90 1
0 128 127 131 91 91 91 1
0 128 131 130 91 91 91 1
0 127 126 132 92 92 92 1
0 127 132 131 92 92 92 1
0 126 125 133 93 93 93 1
0 126 133 132 93 93 93 1
0 125 124 134 94 94 94 1
0 125 134 133 94 94 94 1
0 123 122 135 95 95 95 1
0 123 135 136 95 95 95 1
0 122 121 137 96 96 96 1
0 122 137 135 96 96 96 1
0 18 120 138 97 97 97 1
0 119 118 129 98 98 98 1
0 119 129 139 98 98 98 1
0 1 21 139 99 99 99 1
0 1 139 129 99 99 99 1
0 138 19 18 100 100 100 1
0 135 137 16 101 101 101 1
0 135 16 13 101 101 101 1
0 136 135 13 102 102 102 1
0 136 13 12 102 102 102 1
0 133 134 10 103 103 103 1
0 133 10 8 103 103 103 1
0 132 133 8 104 104 104 1
0 132 8 6 104 104 104 1
0 131 132 6 105 105 105 1
0 131 6 4 105 105 105 1
0 130 131 4 106 106 106 1
0 130 4 0 106 106 106 1
0 130 129 1 107 107 107 1
0 130 1 0 107 107 107 1

Materials: 1
"Material.001"
1.000000 1.000000 1.000000 1.000000
1.000000 1.000000 1.000000 1.000000
1.000000 1.000000 1.000000 1.000000
1.000000 1.000000 1.000000 1.000000
0.128000
1.000000
"Top_Hat_UV.png"
""

Bones: 0
GroupComments: 0
MaterialComments: 0
BoneComments: 0
ModelComment: 0
