// MilkShape 3D ASCII

Frames: 30
Frame: 1

Meshes: 1
"default" 1 0
61
1 90.044258 -51.439697 70.271973 0.347999 0.309151 -1
1 133.753860 -38.704098 10.117489 0.360473 0.453089 -1
1 111.462784 31.071741 85.004089 0.451032 0.347143 -1
1 -21.694977 116.467384 -67.684868 0.792618 0.570799 -1
1 45.045063 136.494736 3.412009 0.717365 0.472022 -1
1 106.584572 70.828903 -105.359787 0.565657 0.650696 -1
1 111.462784 31.071741 85.004089 0.364932 0.915232 -1
1 98.000854 113.280861 -21.731190 0.393827 0.702987 -1
1 45.045063 136.494736 3.412009 0.505983 0.797886 -1
1 35.041546 62.590023 118.852852 0.486563 0.900360 -1
1 -20.343256 105.358261 75.319893 0.423216 0.513459 -1
1 -94.263428 7.763142 95.285927 0.518252 0.531080 -1
1 35.041546 62.590023 118.852852 0.422659 0.552164 -1
1 -78.522820 110.181740 6.978969 0.457552 0.446815 -1
1 45.045063 136.494736 3.412009 0.403178 0.500481 -1
1 -20.343256 105.358261 75.319893 0.553134 0.855149 -1
1 -21.694977 116.467384 -67.684868 0.468819 0.411149 -1
1 -89.081627 70.005142 -51.828316 0.513449 0.418593 -1
1 -78.522820 110.181740 6.978969 0.499213 0.447122 -1
1 -114.903938 39.814384 -1.503551 0.524985 0.434663 -1
1 1.452623 56.948982 -111.992065 0.467668 0.374319 -1
1 -89.659340 -8.971698 -89.620468 0.550809 0.363682 -1
1 -100.996780 -98.592819 -57.146313 0.602967 0.324312 -1
1 -43.574181 -71.055656 -114.528030 0.591113 0.313676 -1
1 -45.860813 -123.219894 -78.448273 0.266696 0.539423 -1
1 -60.029736 -125.138054 10.366969 0.218208 0.374875 -1
1 -100.996780 -98.592819 -57.146313 0.184396 0.528431 -1
1 -43.574181 -71.055656 -114.528030 0.196876 0.596607 -1
1 47.827782 -16.972860 123.326378 0.388934 0.212285 -1
1 -12.534897 -74.019699 107.838097 0.309890 0.105590 -1
1 -103.310379 -80.589577 71.033569 0.638949 0.867890 -1
1 -114.903938 39.814384 -1.503551 0.840694 0.746584 -1
1 -100.996780 -98.592819 -57.146313 0.602196 0.700910 -1
1 -64.057022 -70.864975 116.373283 0.616725 0.927920 -1
1 -60.029736 -125.138054 10.366969 0.589922 0.873628 -1
1 -94.263428 7.763142 95.285927 0.714836 0.897617 -1
1 98.000854 113.280861 -21.731190 0.611796 0.510226 -1
1 138.588333 34.845543 -27.907949 0.464823 0.516302 -1
1 1.452623 56.948982 -111.992065 0.745387 0.646050 -1
1 -78.522820 110.181740 6.978969 0.863898 0.499803 -1
1 -114.903938 39.814384 -1.503551 0.469529 0.425625 -1
1 41.879627 -88.028702 -124.137512 0.285155 0.760269 -1
1 1.452623 56.948982 -111.992065 0.534427 0.828696 -1
1 -43.574181 -71.055656 -114.528030 0.277078 0.923337 -1
1 41.879627 -88.028702 -124.137512 0.372127 0.599883 -1
1 80.106819 -111.118454 -44.073112 0.450274 0.599883 -1
1 90.044258 -51.439697 70.271973 0.808650 0.863058 -1
1 -12.534897 -74.019699 107.838097 0.698758 0.784689 -1
1 80.106819 -111.118454 -44.073112 0.859265 0.714561 -1
1 -60.029736 -125.138054 10.366969 0.678994 0.730223 -1
1 133.753860 -38.704098 10.117489 0.862135 0.788170 -1
1 -64.057022 -70.864975 116.373283 0.635710 0.748151 -1
1 -45.860813 -123.219894 -78.448273 0.830291 0.685421 -1
1 -64.057022 -70.864975 116.373283 0.289768 0.003035 -1
1 35.041546 62.590023 118.852852 0.477511 0.168707 -1
1 -94.263428 7.763142 95.285927 0.373433 0.011096 -1
1 80.106819 -111.118454 -44.073112 0.343585 0.871826 -1
1 133.753860 -38.704098 10.117489 0.301845 0.818918 -1
1 138.588333 34.845543 -27.907949 0.330451 0.756624 -1
1 106.584572 70.828903 -105.359787 0.390208 0.746172 -1
1 41.879627 -88.028702 -124.137512 0.403530 0.866124 -1
26
0.592897 -0.579759 0.558885
0.686681 -0.289850 0.666676
0.781303 0.233116 0.578984
-0.291786 0.735713 -0.611218
0.199251 0.970934 0.132613
-0.099855 0.878770 -0.466682
0.703661 0.709682 0.034832
0.094896 0.431961 0.896886
-0.255404 0.760397 0.597130
-0.697475 0.278165 0.660418
-0.627809 0.773052 0.090817
-0.755332 0.468604 -0.458131
-0.982696 0.178665 -0.048853
-0.185119 0.266643 -0.945850
-0.685844 0.168479 -0.707978
-0.815339 -0.468114 -0.340723
-0.378791 -0.219930 -0.898971
-0.192542 -0.871986 -0.450075
-0.183185 -0.956976 0.225035
0.330649 -0.241817 0.912248
0.233355 -0.764973 0.600301
-0.848723 -0.415317 0.327385
-0.239611 -0.405950 0.881925
0.467167 0.686192 0.557581
-0.299326 -0.344501 -0.889788
-0.241717 -0.829668 0.503214
48
1 0 1 2 0 1 2 1
1 3 4 5 3 4 5 1
1 6 7 8 2 6 4 1
1 6 8 9 2 4 7 1
1 10 11 12 8 9 7 1
1 13 10 14 10 8 4 1
1 15 9 8 8 7 4 1
1 16 17 18 3 11 10 1
1 17 19 18 11 12 10 1
1 20 21 16 13 14 3 1
1 22 21 23 15 14 16 1
1 21 20 23 14 13 16 1
1 19 21 22 12 14 15 1
1 24 25 26 17 18 15 1
1 27 24 26 16 17 15 1
1 28 29 0 19 20 0 1
1 30 31 32 21 12 15 1
1 33 30 34 22 21 18 1
1 34 30 32 18 21 15 1
1 35 30 33 9 21 22 1
1 36 2 37 6 2 23 1
1 5 36 37 5 6 23 1
1 1 37 2 1 23 2 1
1 5 4 36 5 4 6 1
1 38 3 5 13 3 5 1
1 39 4 3 10 4 3 1
1 10 13 11 8 10 9 1
1 40 11 13 12 9 10 1
1 19 17 21 12 11 14 1
1 16 21 17 3 14 11 1
1 41 42 5 24 13 5 1
1 43 42 41 16 13 24 1
1 27 44 24 16 24 17 1
1 24 44 45 17 24 25 1
1 46 47 48 0 20 25 1
1 49 48 47 18 25 20 1
1 50 46 48 1 0 25 1
1 51 49 47 22 18 20 1
1 52 48 49 17 25 18 1
1 29 28 53 20 19 22 1
1 53 28 54 22 19 7 1
1 0 2 28 0 2 19 1
1 54 28 2 7 19 2 1
1 53 54 55 22 7 9 1
1 31 30 35 12 21 9 1
1 56 57 58 25 1 23 1
1 56 58 59 25 23 5 1
1 56 59 60 25 5 24 1

Materials: 1
"Material.001"
1.000000 1.000000 1.000000 1.000000
0.800000 0.800000 0.800000 1.000000
0.500000 0.500000 0.500000 1.000000
0.000000 0.000000 0.000000 1.000000
0.185600
1.000000
"snowtexb.png"
""

Bones: 0
GroupComments: 0
MaterialComments: 0
BoneComments: 0
ModelComment: 0
