// MilkShape 3D ASCII

Frames: 30
Frame: 1

Meshes: 1
"default" 1 0
76
1 94.063614 -3.157018 -23.162506 0.485591 0.528127 -1
1 87.902069 -29.112740 -17.849127 0.504607 0.524993 -1
1 80.121712 -63.151897 -53.006546 0.478858 0.550226 -1
1 -53.693424 100.687683 39.395775 0.580120 0.675347 -1
1 -62.063362 99.795013 51.669434 0.568012 0.693106 -1
1 -21.673168 83.520691 56.705399 0.580120 0.747830 -1
1 -14.668344 48.440342 82.144318 0.692003 0.493460 -1
1 -55.576183 69.095558 63.404655 0.750046 0.473498 -1
1 -43.256725 -9.681517 62.812630 0.704667 0.548966 -1
1 -83.358063 -37.623158 15.714517 0.742578 0.589491 -1
1 -95.503342 -24.510378 -8.971004 0.776341 0.587938 -1
1 -92.859589 -71.029541 -44.464165 0.758201 0.645077 -1
1 -77.347588 2.045103 38.204536 0.751870 0.548563 -1
1 74.776054 -59.911316 -63.511551 0.474560 0.541921 -1
1 80.211563 -17.684217 -63.136032 0.474958 0.529005 -1
1 -53.693424 100.687683 39.395775 0.771258 0.460025 -1
1 -73.276962 92.437943 44.559151 0.768755 0.469725 -1
1 -62.063362 99.795013 51.669434 0.767652 0.462591 -1
1 38.706276 -81.931564 -76.139427 0.273047 0.459340 -1
1 18.020193 -61.713993 -114.340385 0.295393 0.532345 -1
1 74.776054 -59.911316 -63.511551 0.325405 0.408773 -1
1 -70.487846 -85.290741 -23.508884 0.713358 0.639388 -1
1 0.471894 -53.460934 45.940235 0.640627 0.588759 -1
1 -35.985607 -61.118340 29.625233 0.679816 0.599505 -1
1 -21.445507 -96.361191 -18.602186 0.651214 0.647656 -1
1 31.068733 -90.609879 -53.073986 0.492801 0.603047 -1
1 44.923458 -68.528358 -2.708106 0.528444 0.581124 -1
1 -21.445507 -96.361191 -18.602186 0.536415 0.647234 -1
1 38.706276 -81.931564 -76.139427 0.474853 0.592977 -1
1 15.274755 28.177925 85.128174 0.649147 0.503955 -1
1 8.776275 64.419640 72.204170 0.660592 0.459351 -1
1 72.679268 -0.602878 39.349636 0.560718 0.518140 -1
1 85.337852 25.024801 28.872456 0.555684 0.477044 -1
1 52.522758 32.772785 73.008591 0.605076 0.496940 -1
1 37.928375 -20.243277 57.706615 0.593485 0.581921 -1
1 0.471894 -53.460934 45.940235 0.565711 0.601965 -1
1 -84.797882 63.222343 12.360896 0.789924 0.501117 -1
1 -63.662823 73.679794 -19.937967 0.788802 0.460025 -1
1 -73.276962 92.437943 44.559151 0.554622 0.677365 -1
1 -55.576183 69.095558 63.404655 0.558918 0.734725 -1
1 -62.063362 99.795013 51.669434 0.753880 0.460962 -1
1 -21.673168 83.520691 56.705399 0.720640 0.459083 -1
1 -93.599525 -50.432957 -95.330002 0.254523 0.821274 -1
1 -63.662823 73.679794 -19.937967 0.458953 0.997873 -1
1 -24.998869 21.351643 -118.191322 0.458953 0.707148 -1
1 -48.685844 -37.299156 -143.630600 0.300235 0.701626 -1
1 94.063614 -3.157018 -23.162506 0.386749 0.357681 -1
1 80.211563 -17.684217 -63.136032 0.367948 0.414080 -1
1 63.740360 23.774242 -65.935387 0.509873 0.454262 -1
1 71.251350 43.624882 -15.658026 0.490887 0.311665 -1
1 -84.797882 63.222343 12.360896 0.401488 0.996464 -1
1 -95.503342 -24.510378 -8.971004 0.284287 0.933057 -1
1 -92.859589 -71.029541 -44.464165 0.214313 0.870153 -1
1 66.692017 53.527061 31.184795 0.477929 0.237036 -1
1 85.337852 25.024801 28.872456 0.437148 0.271402 -1
1 87.902069 -29.112740 -17.849127 0.354343 0.359263 -1
1 21.798492 26.275345 -95.796356 0.465318 0.562253 -1
1 8.776275 64.419640 72.204170 0.547872 0.150445 -1
1 39.108536 53.066422 70.782494 0.541266 0.154985 -1
1 4.661953 76.916679 4.631175 0.623787 0.209501 -1
1 21.798492 26.275345 -95.796356 0.618078 0.409707 -1
1 -24.998869 21.351643 -118.191322 0.764474 0.403342 -1
1 -63.662823 73.679794 -19.937967 0.764474 0.114323 -1
1 -21.673168 83.520691 56.705399 0.655596 0.114874 -1
1 -53.693424 100.687683 39.395775 0.732378 0.098759 -1
1 1.504934 -15.624758 72.270149 0.649096 0.549544 -1
1 39.108536 53.066422 70.782494 0.632436 0.459865 -1
1 66.692017 53.527061 31.184795 0.574507 0.460018 -1
1 -21.445507 -96.361191 -18.602186 0.544776 0.239681 -1
1 -70.487846 -85.290741 -23.508884 0.544875 0.195586 -1
1 -92.859589 -71.029541 -44.464165 0.560786 0.173326 -1
1 -93.599525 -50.432957 -95.330002 0.609108 0.164428 -1
1 -48.685844 -37.299156 -143.630600 0.660109 0.195183 -1
1 18.020193 -61.713993 -114.340385 0.638568 0.259416 -1
1 38.706276 -81.931564 -76.139427 0.604157 0.284335 -1
1 31.068733 -90.609879 -53.073986 0.581604 0.281234 -1
42
0.979151 0.133598 -0.153018
0.868252 -0.382773 0.315633
0.823949 -0.552300 -0.126783
-0.132031 0.972668 -0.191011
-0.214177 0.727446 0.651882
0.288649 0.838306 0.462521
-0.145710 0.208148 0.967183
-0.548880 0.055838 0.834034
-0.423327 -0.343344 0.838397
-0.724098 -0.415433 0.550543
-0.978201 -0.052472 0.200921
-0.745858 -0.665693 -0.023417
-0.823646 -0.080321 0.561387
0.701603 -0.370804 -0.608487
0.783260 0.066058 -0.618175
-0.837307 0.472973 0.274251
0.282319 -0.849148 -0.446366
0.416683 -0.347324 -0.840084
-0.464690 -0.826063 0.318878
0.059136 -0.702780 0.708945
-0.312156 -0.684634 0.658661
-0.086036 -0.994768 -0.055080
0.298712 -0.954342 -0.001383
0.503492 -0.738389 0.448641
0.147506 0.091568 0.984813
0.262028 0.754691 0.601483
0.729786 -0.398652 0.555417
0.942694 0.158329 0.293699
0.599248 0.005965 0.800542
0.447991 -0.521619 0.726098
-0.914254 0.393401 -0.096829
-0.347804 0.817572 -0.458920
-0.893146 -0.060272 -0.445711
-0.103448 0.567720 -0.816696
-0.224204 -0.445386 -0.866813
0.637108 0.586461 -0.500156
0.697799 0.685656 -0.207249
0.600677 0.769736 0.216088
0.394423 0.590941 -0.703718
0.411734 0.566709 0.713664
0.320460 0.929788 -0.181107
0.031878 -0.388854 0.920748
80
1 0 1 2 0 1 2 1
1 3 4 5 3 4 5 1
1 6 7 8 6 7 8 1
1 9 10 11 9 10 11 1
1 10 9 12 10 9 12 1
1 2 13 14 2 13 14 1
1 2 14 0 2 14 0 1
1 15 16 17 3 15 4 1
1 18 19 20 16 17 13 1
1 11 21 9 11 18 9 1
1 22 23 24 19 20 21 1
1 25 26 27 22 23 21 1
1 13 2 28 13 2 16 1
1 29 30 6 24 25 6 1
1 31 32 33 26 27 28 1
1 31 33 34 26 28 29 1
1 27 26 35 21 23 19 1
1 35 26 34 19 23 29 1
1 36 16 15 30 15 3 1
1 36 15 37 30 3 31 1
1 38 39 4 15 7 4 1
1 6 40 7 6 4 7 1
1 41 40 6 5 4 6 1
1 30 41 6 25 5 6 1
1 8 12 9 8 12 9 1
1 42 43 44 32 31 33 1
1 42 44 45 32 33 34 1
1 46 47 48 0 14 35 1
1 46 48 49 0 35 36 1
1 43 42 50 31 32 30 1
1 50 42 51 30 32 10 1
1 51 42 52 10 32 11 1
1 49 53 54 36 37 27 1
1 49 54 46 36 27 0 1
1 54 55 46 27 1 0 1
1 47 19 56 14 17 38 1
1 47 56 48 14 38 35 1
1 44 56 19 33 38 17 1
1 44 19 45 33 17 34 1
1 23 8 9 20 8 9 1
1 23 9 21 20 9 18 1
1 20 19 47 13 17 14 1
1 12 8 7 12 8 7 1
1 12 7 16 12 7 15 1
1 23 21 24 20 18 21 1
1 36 10 12 30 10 12 1
1 36 12 16 30 12 15 1
1 57 58 53 25 39 37 1
1 57 53 59 25 37 40 1
1 53 49 59 37 36 40 1
1 60 61 62 38 33 31 1
1 60 62 59 38 31 40 1
1 57 59 63 25 40 5 1
1 63 59 64 5 40 3 1
1 62 64 59 31 3 40 1
1 59 49 48 40 36 35 1
1 59 48 60 40 35 38 1
1 22 65 8 19 41 8 1
1 22 8 23 19 8 20 1
1 66 30 29 39 25 24 1
1 66 29 33 39 24 28 1
1 34 65 22 29 41 19 1
1 28 2 25 16 2 22 1
1 26 25 2 23 22 2 1
1 33 29 65 28 24 41 1
1 33 65 34 28 41 29 1
1 6 8 65 6 8 41 1
1 6 65 29 6 41 24 1
1 1 31 26 1 26 23 1
1 1 26 2 1 23 2 1
1 33 67 66 28 37 39 1
1 33 32 67 28 27 37 1
1 31 1 32 26 1 27 1
1 34 26 31 29 23 26 1
1 68 69 70 21 18 11 1
1 68 70 71 21 11 32 1
1 68 71 72 21 32 34 1
1 68 72 73 21 34 17 1
1 68 73 74 21 17 16 1
1 68 74 75 21 16 22 1

Materials: 1
"Material.001"
1.000000 1.000000 1.000000 1.000000
0.800000 0.800000 0.800000 1.000000
0.500000 0.500000 0.500000 1.000000
0.000000 0.000000 0.000000 1.000000
0.185600
1.000000
"snowtexb.png"
""

Bones: 0
GroupComments: 0
MaterialComments: 0
BoneComments: 0
ModelComment: 0
