// MilkShape 3D ASCII

Frames: 30
Frame: 1

Meshes: 1
"default" 1 0
152
1 83.584023 -65.969406 -58.273834 0.046664 0.340768 -1
1 71.647377 -26.684160 -77.742981 0.259652 0.374462 -1
1 99.641129 -11.120562 -46.823681 0.249452 0.229638 -1
1 91.524574 -70.621162 -31.484278 0.057717 0.313925 -1
1 51.006981 9.876688 -87.500977 0.423058 0.381708 -1
1 65.535675 32.485439 -73.543381 0.435880 0.264117 -1
1 71.499428 54.454086 -45.678032 0.472266 0.167756 -1
1 87.556129 40.145737 -13.445732 0.361280 0.077911 -1
1 91.806625 17.997339 17.054817 0.250293 -0.011934 -1
1 93.611526 -22.899511 7.648072 0.154794 0.132837 -1
1 84.512520 -62.479065 0.439468 0.059296 0.277608 -1
1 9.398278 74.126083 -38.289581 0.648018 0.539475 -1
1 42.651379 71.053642 -40.139484 0.653372 0.564861 -1
1 9.056529 50.142342 -79.550484 0.750159 0.490999 -1
1 -22.950274 59.006687 -63.800083 0.734563 0.446437 -1
1 71.499428 54.454086 -45.678032 0.658725 0.590247 -1
1 65.535675 32.485439 -73.543381 0.729776 0.604361 -1
1 51.006981 9.876688 -87.500977 0.800827 0.618476 -1
1 4.580728 19.555088 -92.341980 0.811472 0.485938 -1
1 -67.752922 36.199738 31.214521 0.828639 0.403779 -1
1 -53.455517 8.910439 69.195374 0.700556 0.447683 -1
1 -36.241367 40.815842 81.178673 0.715760 0.504216 -1
1 -54.407024 61.173336 27.799318 0.826353 0.466875 -1
1 -30.334122 -15.168412 90.802223 0.572472 0.491587 -1
1 -11.215322 -0.849112 99.679977 0.583748 0.509530 -1
1 0.511479 15.143137 105.331970 0.595025 0.527472 -1
1 -9.116723 39.327236 100.011116 0.676811 0.547873 -1
1 1.407429 59.433388 82.898170 0.758598 0.568273 -1
1 -8.876871 70.887886 60.567570 0.791332 0.549122 -1
1 -24.664272 76.796089 29.999069 0.824067 0.529971 -1
1 -48.274273 0.391989 -63.314632 0.432950 0.693078 -1
1 -66.925278 7.847488 -41.839432 0.510801 0.759859 -1
1 -61.969971 44.511036 -41.227482 0.604159 0.701131 -1
1 -60.254368 8.121439 -52.499836 0.486004 0.725603 -1
1 -48.648720 1.695939 -64.052925 0.436151 0.691466 -1
1 -74.503677 1.640939 -13.614231 0.538355 0.794117 -1
1 -75.533226 21.699738 0.957271 0.638316 0.794117 -1
1 -61.679024 50.204586 -39.188683 0.622870 0.694588 -1
1 -61.827374 48.480736 -39.561134 0.617661 0.696840 -1
1 -67.752922 36.199738 31.214521 0.738277 0.794117 -1
1 -54.407024 61.173336 27.799318 0.809111 0.741558 -1
1 -60.853821 51.804386 -39.417831 0.626721 0.691096 -1
1 -24.664272 76.796089 29.999069 0.879946 0.688999 -1
1 -4.717620 77.762840 -4.878381 0.792308 0.553306 -1
1 -59.708374 52.177040 -40.268135 0.626083 0.686655 -1
1 9.398278 74.126083 -38.289581 0.704669 0.417614 -1
1 -22.950274 59.006687 -63.800083 0.602989 0.563122 -1
1 -51.435169 53.440689 -46.820732 0.617313 0.657935 -1
1 27.087879 -73.562363 -35.978634 0.093274 0.530937 -1
1 -9.707572 -37.797462 -54.870533 0.275519 0.586136 -1
1 4.841878 -17.095110 -82.668533 0.338290 0.550839 -1
1 55.454380 -76.177460 -47.842583 0.099788 0.483247 -1
1 -31.444973 5.503838 -77.338875 0.425815 0.624416 -1
1 4.580728 19.555088 -92.341980 0.449511 0.534686 -1
1 -74.503677 1.640939 -13.614231 0.624203 0.699204 -1
1 -66.925278 7.847488 -41.839432 0.648735 0.702749 -1
1 -33.274822 -50.661114 -6.844282 0.680654 0.501898 -1
1 -58.060520 -39.452515 20.233021 0.607166 0.526302 -1
1 -48.274273 0.391989 -63.314632 0.673268 0.706294 -1
1 -9.707572 -37.797462 -54.870533 0.791321 0.551743 -1
1 27.087879 -73.562363 -35.978634 0.909374 0.397192 -1
1 13.063877 -87.749763 4.745969 0.757833 0.375296 -1
1 84.512520 -62.479065 0.439468 -0.016496 0.353400 -1
1 44.769779 -74.077217 35.294571 -0.104701 0.573758 -1
1 38.698879 -97.097366 13.345018 -0.072636 0.587937 -1
1 91.524574 -70.621162 -31.484278 0.019821 0.351821 -1
1 13.063877 -87.749763 4.745969 -0.054880 0.610758 -1
1 -30.334122 -15.168412 90.802223 -0.031372 1.011795 -1
1 -53.455517 8.910439 69.195374 0.137914 0.927403 -1
1 -52.955368 -38.610313 55.645874 0.030912 0.842269 -1
1 -15.946572 -44.849861 80.557068 -0.082445 0.934371 -1
1 -67.752922 36.199738 31.214521 0.307199 0.843010 -1
1 -75.533226 21.699738 0.957271 0.307199 0.743050 -1
1 -74.503677 1.640939 -13.614231 0.307199 0.643089 -1
1 -58.060520 -39.452515 20.233021 0.088340 0.748028 -1
1 0.511479 15.143137 105.331970 0.324202 0.841235 -1
1 27.530079 15.738787 96.491226 0.359770 0.975937 -1
1 15.443829 38.224884 98.838326 0.421543 0.958272 -1
1 -9.116723 39.327236 100.011116 0.434646 0.882088 -1
1 46.411880 34.808239 79.170624 0.395337 1.110639 -1
1 29.201277 55.248734 77.286118 0.470214 1.016790 -1
1 1.407429 59.433388 82.898170 0.545090 0.922942 -1
1 -30.334122 -15.168412 90.802223 0.522602 0.433364 -1
1 -15.946572 -44.849861 80.557068 0.516920 0.499513 -1
1 40.294678 -23.169312 70.654770 0.667820 0.490576 -1
1 -11.215322 -0.849112 99.679977 0.537435 0.418228 -1
1 84.512520 -62.479065 0.439468 0.824074 0.698329 -1
1 93.611526 -22.899511 7.648072 0.834698 0.574640 -1
1 44.769779 -74.077217 35.294571 0.667656 0.631995 -1
1 91.806625 17.997339 17.054817 0.845323 0.450951 -1
1 68.304428 28.533590 52.897812 0.798368 0.421504 -1
1 46.411880 34.808239 79.170624 0.751414 0.392056 -1
1 27.530079 15.738787 96.491226 0.651841 0.397574 -1
1 0.511479 15.143137 105.331970 0.552268 0.403092 -1
1 1.407429 59.433388 82.898170 0.556651 0.643293 -1
1 29.201277 55.248734 77.286118 0.641424 0.657399 -1
1 44.742882 69.494583 25.131420 0.678960 0.558181 -1
1 -8.876871 70.887886 60.567570 0.539040 0.609705 -1
1 46.411880 34.808239 79.170624 0.726198 0.671506 -1
1 68.304428 28.533590 52.897812 0.772608 0.641207 -1
1 91.806625 17.997339 17.054817 0.819018 0.610909 -1
1 87.556129 40.145737 -13.445732 0.784817 0.514587 -1
1 71.499428 54.454086 -45.678032 0.750617 0.418265 -1
1 42.651379 71.053642 -40.139484 0.725233 0.423630 -1
1 9.398278 74.126083 -38.289581 0.699850 0.428996 -1
1 -4.717620 77.762840 -4.878381 0.610639 0.502556 -1
1 -24.664272 76.796089 29.999069 0.521429 0.576117 -1
1 -60.254368 8.121439 -52.499836 0.314833 -0.087317 -1
1 -61.827374 48.480736 -39.561134 0.483615 -0.087317 -1
1 -61.679024 50.204586 -39.188683 0.490573 -0.086227 -1
1 -60.853821 51.804386 -39.417831 0.496231 -0.081740 -1
1 -59.708374 52.177040 -40.268135 0.496441 -0.075876 -1
1 -51.435169 53.440689 -46.820732 0.492050 -0.033805 -1
1 -27.368422 56.984886 -65.920227 0.478732 0.088554 -1
1 -11.596822 45.864735 -82.308182 0.414396 0.166091 -1
1 -8.167171 21.371639 -92.229584 0.309089 0.178603 -1
1 -23.290871 0.069589 -85.720978 0.238552 0.097953 -1
1 -31.444973 5.503838 -77.338875 0.270512 0.057803 -1
1 -48.648720 1.695939 -64.052925 0.274761 -0.029914 -1
1 -27.368422 56.984886 -65.920227 0.588446 0.583935 -1
1 -11.596822 45.864735 -82.308182 0.774735 0.443673 -1
1 -27.368422 56.984886 -65.920227 0.746942 0.433130 -1
1 -8.167171 21.371639 -92.229584 0.814519 0.447998 -1
1 -23.290871 0.069589 -85.720978 0.414459 0.625348 -1
1 -8.167171 21.371639 -92.229584 0.463829 0.584555 -1
1 -61.827374 48.480736 -39.561134 0.246604 1.158394 -1
1 -60.254368 8.121439 -52.499836 0.806633 1.158394 -1
1 -61.969971 44.511036 -41.227482 0.303128 1.164747 -1
1 -52.413124 -52.976257 33.807518 -0.001706 0.791204 -1
1 -51.358822 -43.735165 57.520462 0.011804 0.843104 -1
1 -46.086121 -46.661411 56.205620 0.001296 0.843910 -1
1 -15.733220 -52.111916 76.440224 -0.087151 0.911746 -1
1 -8.401321 -57.015614 72.575417 -0.104367 0.901139 -1
1 8.790378 -89.335411 12.708870 0.727594 0.370927 -1
1 -31.861723 -67.304359 21.552071 0.641088 0.430631 -1
1 28.532677 -94.478363 21.971216 -0.094425 0.627105 -1
1 32.673382 -97.534164 19.089720 -0.085770 0.612058 -1
1 -8.401321 -57.015614 72.575417 0.201561 0.870744 -1
1 -15.733220 -52.111916 76.440224 0.204470 0.895361 -1
1 -46.086121 -46.661411 56.205620 0.127202 0.950535 -1
1 -51.358822 -43.735165 57.520462 0.125684 0.966350 -1
1 -52.413124 -52.976257 33.807518 0.066286 0.938584 -1
1 -31.861723 -67.304359 21.552071 0.054627 0.867745 -1
1 8.790378 -89.335411 12.708870 0.069520 0.747484 -1
1 32.673382 -97.534164 19.089720 0.106802 0.691764 -1
1 28.532677 -94.478363 21.971216 0.110168 0.706569 -1
1 12.256228 -73.410713 55.394020 0.177857 0.793266 -1
1 -52.413124 -52.976257 33.807518 0.600157 0.455164 -1
1 8.790378 -89.335411 12.708870 -0.079359 0.643500 -1
1 -8.401321 -57.015614 72.575417 0.514481 0.527906 -1
1 12.256228 -73.410713 55.394020 0.549763 0.581999 -1
1 12.256228 -73.410713 55.394020 -0.171182 0.739845 -1
73
0.424747 -0.641363 -0.638939
0.411450 -0.160648 -0.897163
0.951408 0.067776 -0.300383
0.823102 -0.567894 -0.000218
0.326367 0.092465 -0.940710
0.534861 0.413193 -0.737018
0.618011 0.702968 -0.351992
0.845208 0.533005 0.039091
0.908353 0.204921 0.364558
0.911792 -0.161270 0.377660
0.811951 -0.408880 0.416596
-0.082482 0.967470 -0.239163
0.250713 0.921584 -0.296355
0.119847 0.638266 -0.760429
-0.158021 0.885234 -0.437482
0.035297 -0.007022 -0.999352
-0.927478 0.290206 0.235724
-0.827417 0.011770 0.561465
-0.599915 0.422103 0.679655
-0.681781 0.697367 0.221031
-0.390643 -0.262514 0.882318
-0.169136 -0.275380 0.946340
-0.032535 -0.116952 0.992604
-0.229008 0.422007 0.877192
-0.000446 0.812660 0.582738
-0.145231 0.909362 0.389833
-0.291497 0.950345 0.108969
-0.581365 -0.594764 -0.555222
-0.854077 -0.272004 -0.443359
-0.792484 0.228763 -0.565364
-0.566974 0.160776 -0.807893
-0.650944 -0.288566 -0.702141
-0.971914 -0.153680 -0.178231
-0.994727 0.078263 0.066275
-0.891527 0.288176 -0.349477
-0.676644 0.266678 -0.686320
-0.734474 0.600133 -0.316841
-0.084148 0.992894 -0.084151
-0.478089 0.775905 -0.411586
-0.487979 0.732206 -0.475133
-0.353407 -0.789460 -0.501852
-0.461129 -0.681530 -0.568223
-0.231457 -0.556621 -0.797873
-0.113963 -0.820480 -0.560201
-0.507922 -0.695806 -0.507809
-0.598146 -0.691243 -0.405469
-0.840178 -0.513780 -0.173584
-0.336848 -0.862957 -0.376615
0.522863 -0.500871 0.689740
0.321735 -0.933726 0.156977
-0.852234 -0.216263 0.476368
-0.219796 -0.483994 0.847018
0.501797 -0.096619 0.859572
0.301948 0.405117 0.862965
0.703288 0.291659 0.648322
0.432118 0.714606 0.550103
0.530508 -0.354797 0.769858
0.809191 0.240811 0.535928
0.429170 0.879208 0.206899
-0.459457 0.601806 -0.653245
-0.298412 0.524371 -0.797487
-0.264223 0.203347 -0.942781
-0.257229 -0.567141 -0.782422
-0.754276 -0.641771 0.138559
-0.483416 0.163941 0.859902
-0.099338 0.106159 0.989375
0.000000 0.000000 0.000000
-0.068424 -0.723691 0.686724
-0.434300 -0.895549 -0.096825
-0.568692 -0.817149 -0.094106
0.577728 -0.281227 0.766252
0.121633 -0.990988 0.056102
0.232654 -0.697616 0.677645
142
1 0 1 2 0 1 2 1
1 0 2 3 0 2 3 1
1 4 5 2 4 5 2 1
1 4 2 1 4 2 1 1
1 6 7 2 6 7 2 1
1 6 2 5 6 2 5 1
1 8 9 2 8 9 2 1
1 8 2 7 8 2 7 1
1 10 3 2 10 3 2 1
1 10 2 9 10 2 9 1
1 11 12 13 11 12 13 1
1 11 13 14 11 13 14 1
1 15 16 13 6 5 13 1
1 15 13 12 6 13 12 1
1 17 18 13 4 15 13 1
1 17 13 16 4 13 5 1
1 19 20 21 16 17 18 1
1 19 21 22 16 18 19 1
1 23 24 21 20 21 18 1
1 23 21 20 20 18 17 1
1 25 26 21 22 23 18 1
1 25 21 24 22 18 21 1
1 27 28 21 24 25 18 1
1 27 21 26 24 18 23 1
1 29 22 21 26 19 18 1
1 29 21 28 26 18 25 1
1 30 31 32 27 28 29 1
1 30 32 33 27 29 30 1
1 30 33 34 27 30 31 1
1 35 36 37 32 33 34 1
1 35 37 38 32 34 35 1
1 35 38 32 32 35 29 1
1 35 32 31 32 29 28 1
1 39 40 41 16 19 36 1
1 39 41 37 16 36 34 1
1 39 37 36 16 34 33 1
1 42 43 44 26 37 38 1
1 42 44 41 26 38 36 1
1 42 41 40 26 36 19 1
1 45 46 47 11 14 39 1
1 45 47 44 11 39 38 1
1 45 44 43 11 38 37 1
1 48 49 50 40 41 42 1
1 48 50 51 40 42 43 1
1 30 34 52 27 31 44 1
1 30 52 50 27 44 42 1
1 30 50 49 27 42 41 1
1 4 1 50 4 1 42 1
1 4 50 53 4 42 15 1
1 0 51 50 0 43 42 1
1 0 50 1 0 42 1 1
1 54 55 56 32 28 45 1
1 54 56 57 32 45 46 1
1 58 59 56 27 41 45 1
1 58 56 55 27 45 28 1
1 60 61 56 40 47 45 1
1 60 56 59 40 45 41 1
1 62 63 64 10 48 49 1
1 62 64 65 10 49 3 1
1 48 51 64 40 43 49 1
1 48 64 66 40 49 47 1
1 0 65 64 0 3 49 1
1 0 64 51 0 49 43 1
1 67 68 69 20 17 50 1
1 67 69 70 20 50 51 1
1 71 72 69 16 33 50 1
1 71 69 68 16 50 17 1
1 73 74 69 32 46 50 1
1 73 69 72 32 50 33 1
1 75 76 77 22 52 53 1
1 75 77 78 22 53 23 1
1 79 80 77 54 55 53 1
1 79 77 76 54 53 52 1
1 81 78 77 24 23 53 1
1 81 77 80 24 53 55 1
1 82 83 84 20 51 56 1
1 82 84 85 20 56 21 1
1 86 87 84 10 9 56 1
1 86 84 88 10 56 48 1
1 89 90 84 8 57 56 1
1 89 84 87 8 56 9 1
1 91 92 84 54 52 56 1
1 91 84 90 54 56 57 1
1 93 85 84 22 21 56 1
1 93 84 92 22 56 52 1
1 94 95 96 24 55 58 1
1 94 96 97 24 58 25 1
1 98 99 96 54 57 58 1
1 98 96 95 54 58 55 1
1 100 101 96 8 7 58 1
1 100 96 99 8 58 57 1
1 102 103 96 6 12 58 1
1 102 96 101 6 58 7 1
1 104 105 96 11 37 58 1
1 104 96 103 11 58 12 1
1 106 97 96 26 25 58 1
1 106 96 105 26 58 37 1
1 107 108 109 30 35 34 1
1 107 109 110 30 34 36 1
1 107 110 111 30 36 38 1
1 107 111 112 30 38 39 1
1 107 112 113 30 39 59 1
1 107 113 114 30 59 60 1
1 107 114 115 30 60 61 1
1 107 115 116 30 61 62 1
1 107 116 117 30 62 44 1
1 107 117 118 30 44 31 1
1 119 47 46 59 39 14 1
1 120 121 14 60 59 14 1
1 120 14 13 60 14 13 1
1 122 120 13 61 60 13 1
1 122 13 18 61 13 15 1
1 123 124 53 62 61 15 1
1 123 53 50 62 15 42 1
1 52 123 50 44 62 42 1
1 125 126 127 35 30 29 1
1 128 129 69 63 64 50 1
1 128 69 74 63 50 46 1
1 130 131 132 65 66 67 1
1 130 132 70 65 67 51 1
1 130 70 69 65 51 50 1
1 133 134 56 68 69 45 1
1 133 56 61 68 45 47 1
1 135 136 64 70 71 49 1
1 137 138 139 67 66 65 1
1 137 139 140 67 65 64 1
1 137 140 141 67 64 63 1
1 137 141 142 67 63 69 1
1 137 142 143 67 69 68 1
1 137 143 144 67 68 71 1
1 137 144 145 67 71 70 1
1 137 145 146 67 70 72 1
1 134 147 57 69 63 46 1
1 134 57 56 69 46 45 1
1 136 148 66 71 68 47 1
1 136 66 64 71 47 49 1
1 149 150 88 67 72 48 1
1 149 88 84 67 48 56 1
1 149 84 83 67 56 51 1
1 129 130 69 64 65 50 1
1 151 135 64 72 70 49 1
1 151 64 63 72 49 48 1

Materials: 1
"Material.001"
1.000000 1.000000 1.000000 1.000000
0.800000 0.800000 0.800000 1.000000
0.500000 0.500000 0.500000 1.000000
0.000000 0.000000 0.000000 1.000000
0.185600
1.000000
"snowtexb.png"
""

Bones: 0
GroupComments: 0
MaterialComments: 0
BoneComments: 0
ModelComment: 0
