// MilkShape 3D ASCII

Frames: 30
Frame: 1

Meshes: 1
"default" 1 0
241
1 4.775710 -44.440071 -36.694519 0.793419 0.851092 -1
1 8.982610 -27.905874 -46.553371 0.857965 0.917458 -1
1 23.176208 -31.083572 -42.068672 0.895670 0.853500 -1
1 28.687962 -41.156124 -33.274670 0.881895 0.781205 -1
1 10.423610 -1.859622 -50.124065 0.929188 1.000000 -1
1 30.831060 -21.618673 -44.369270 0.947654 0.866056 -1
1 48.474560 -33.397072 -24.242022 0.960867 0.718864 -1
1 23.393612 8.359028 -50.789322 1.000000 0.994388 -1
1 33.655510 -11.626323 -48.193821 0.985474 0.898762 -1
1 30.778460 13.899727 -42.438271 0.097467 0.393856 -1
1 42.154259 -13.652822 -37.920525 0.026677 0.263812 -1
1 33.655510 -11.626323 -48.193821 0.004080 0.322756 -1
1 23.393612 8.359028 -50.789322 0.058872 0.419275 -1
1 42.154259 -13.652822 -37.920525 1.000000 0.836670 -1
1 8.692660 -47.955273 -16.156570 0.484355 0.444422 -1
1 28.084059 -50.869869 -16.734421 0.556249 0.458447 -1
1 38.682011 -47.225826 -7.026371 0.596148 0.408268 -1
1 33.296959 -43.164925 -1.476321 0.577257 0.372136 -1
1 40.050011 -48.733173 -15.740119 0.606235 0.450886 -1
1 49.492260 -44.367222 -4.248870 0.641328 0.390733 -1
1 50.500359 -34.804173 8.311680 0.651209 0.310630 -1
1 -27.230890 -31.824724 -24.680222 0.889452 0.146558 -1
1 -12.528790 -43.529575 -23.422821 0.834466 0.076683 -1
1 -17.286642 -38.976173 -16.420422 0.827901 0.123939 -1
1 -27.090441 -31.716574 -13.781520 0.851804 0.178840 -1
1 8.692660 -47.955273 -16.156570 0.754682 0.036851 -1
1 -10.235139 -38.251472 -9.240271 0.788226 0.132690 -1
1 -25.601889 -26.911274 -1.328071 0.812649 0.229756 -1
1 -1.839490 -26.757074 -46.611820 0.822725 0.952142 -1
1 -5.179540 -15.646073 -46.421471 0.837450 0.993450 -1
1 -8.947290 -34.385422 -40.962521 0.773651 0.933003 -1
1 -15.648790 -23.347725 -39.347721 0.303727 0.935831 -1
1 -5.179540 -15.646073 -46.421471 0.243064 0.960255 -1
1 -1.839490 -26.757074 -46.611820 0.265798 1.000000 -1
1 -8.947290 -34.385422 -40.962521 0.314767 0.987276 -1
1 -30.482639 11.572428 -19.067322 0.259657 0.729102 -1
1 -38.595390 -2.736172 -11.804720 0.332898 0.727915 -1
1 -45.646843 2.243727 -5.975921 0.344060 0.677791 -1
1 -46.921642 11.215828 -5.145621 0.321748 0.645975 -1
1 -41.357941 -11.560772 -4.745020 0.372907 0.721980 -1
1 -50.621239 -1.604122 0.340579 0.375531 0.655732 -1
1 -56.855339 9.821978 5.591529 0.364436 0.590531 -1
1 -49.758694 -5.713722 18.051279 0.832122 0.414992 -1
1 -47.864391 -9.737523 6.273680 0.862406 0.361659 -1
1 -41.151840 -15.710571 4.432729 0.844683 0.320356 -1
1 -36.879940 -16.767324 9.518929 0.815915 0.322444 -1
1 -41.357941 -11.560772 -4.745020 0.882821 0.308639 -1
1 -35.865490 -20.259024 -3.145921 0.852035 0.270287 -1
1 -16.595741 -36.634171 -35.876923 0.348912 0.959869 -1
1 -23.157942 -28.345825 -33.015072 0.346551 0.912088 -1
1 -13.919841 -41.892372 -32.762520 0.729771 0.900189 -1
1 -16.595741 -36.634171 -35.876923 0.736162 0.932789 -1
1 -23.157942 -28.345825 -33.015072 0.913969 0.125769 -1
1 -16.595741 -36.634171 -35.876923 0.896695 0.073431 -1
1 -13.919841 -41.892372 -32.762520 0.872163 0.057967 -1
1 -27.230890 -31.824724 -24.680222 0.375531 0.883208 -1
1 -34.928143 -20.441822 -14.610220 0.372519 0.797311 -1
1 -35.034241 -11.755723 -16.839121 0.345267 0.780021 -1
1 -31.438740 -12.802072 -23.003271 0.332855 0.813102 -1
1 -45.138344 39.699226 5.191829 0.238180 0.527758 -1
1 -46.773792 39.888577 9.192129 0.245527 0.509092 -1
1 -43.402592 43.698475 8.867630 0.223387 0.505797 -1
1 -43.644840 44.866879 7.932879 0.219984 0.505388 -1
1 -40.413292 38.395473 11.669530 0.691382 0.640023 -1
1 -33.848591 40.436726 11.273780 0.688659 0.675085 -1
1 -43.402592 43.698475 8.867630 0.720634 0.637417 -1
1 -46.773792 39.888577 9.192129 0.711807 0.614474 -1
1 -37.183590 43.233978 9.681930 0.707199 0.665458 -1
1 -43.644840 44.866879 7.932879 0.726969 0.639079 -1
1 25.226660 -49.731270 -26.090622 0.841804 0.744074 -1
1 18.809858 -51.730373 -24.856022 0.813180 0.752933 -1
1 4.845210 -50.304821 -28.550171 0.771267 0.808700 -1
1 40.050011 -48.733173 -15.740119 0.885750 0.672316 -1
1 28.084059 -50.869869 -16.734421 0.839560 0.703640 -1
1 4.845210 -50.304821 -28.550171 0.475522 0.504416 -1
1 18.809858 -51.730373 -24.856022 0.525016 0.494640 -1
1 34.546310 -46.651726 -25.996220 0.881871 0.725889 -1
1 47.329758 -44.806770 -17.892471 0.922972 0.669405 -1
1 48.474560 -33.397072 -24.242022 0.011143 0.140483 -1
1 56.865459 -35.318623 -2.808021 0.070537 0.045598 -1
1 54.394161 -42.327019 -7.682271 0.036122 0.044027 -1
1 47.329758 -44.806770 -17.892471 0.000000 0.084850 -1
1 54.394161 -42.327019 -7.682271 0.667014 0.401531 -1
1 56.865459 -35.318623 -2.808021 0.684702 0.362266 -1
1 47.329758 -44.806770 -17.892471 0.643456 0.451595 -1
1 41.770607 6.052227 -15.827170 0.155270 0.256901 -1
1 47.111408 -10.631122 -20.562172 0.088958 0.206006 -1
1 50.359959 0.181628 21.161329 0.254047 0.097745 -1
1 53.125561 -18.560123 -4.599771 0.114787 0.114576 -1
1 56.524658 -25.004522 4.769729 0.124917 0.055334 -1
1 52.151611 -19.831774 16.340927 0.180105 0.044027 -1
1 56.524658 -25.004522 4.769729 0.694721 0.301901 -1
1 52.151611 -19.831774 16.340927 0.676693 0.236529 -1
1 33.848911 -26.917324 17.180878 0.591713 0.247638 -1
1 26.186110 -36.013824 6.752879 0.554627 0.315792 -1
1 8.214410 -16.897274 25.710377 0.500764 0.178785 -1
1 9.978610 -35.238274 3.549329 0.494770 0.324652 -1
1 50.359959 0.181628 21.161329 0.699941 0.162745 -1
1 36.180759 -9.972273 26.590378 0.622110 0.162446 -1
1 41.215511 -18.059124 22.091129 0.631835 0.204370 -1
1 -25.779142 -11.795322 22.712780 0.752588 0.355606 -1
1 -27.426590 -4.688172 29.275681 0.744213 0.404118 -1
1 -45.249691 -0.214873 27.247879 0.798317 0.452333 -1
1 -25.779142 -11.795322 22.712780 0.378072 0.171901 -1
1 -9.263390 -7.718423 32.032677 0.442357 0.123488 -1
1 -27.426590 -4.688172 29.275681 0.378288 0.124110 -1
1 -27.426590 -4.688172 29.275681 0.481783 0.611778 -1
1 -9.263390 -7.718423 32.032677 0.435792 0.690431 -1
1 -11.947290 0.327828 32.273476 0.468936 0.691591 -1
1 -22.280540 6.002578 29.460379 0.511681 0.654785 -1
1 -45.249691 -0.214873 27.247879 0.531112 0.536671 -1
1 -37.361191 6.266578 28.666130 0.538984 0.584312 -1
1 -12.693290 -24.295624 10.087379 0.747861 0.245313 -1
1 -25.619389 -17.448772 14.900380 0.770783 0.311820 -1
1 -25.619389 -17.448772 14.900380 0.375531 0.221113 -1
1 -12.693290 -24.295624 10.087379 0.418742 0.262766 -1
1 9.978610 -35.238274 3.549329 0.702676 0.138127 -1
1 -4.061191 -33.344524 1.198729 0.745489 0.168010 -1
1 -4.061191 -33.344524 1.198729 0.444661 0.327269 -1
1 -41.104195 45.591274 7.382629 0.209512 0.510316 -1
1 -38.732243 45.831177 3.859529 0.198922 0.527399 -1
1 -31.270992 42.727627 9.629330 0.695698 0.692680 -1
1 -41.104195 45.591274 7.382629 0.726401 0.652859 -1
1 -30.706890 46.633427 5.386129 0.716645 0.705673 -1
1 -38.732243 45.831177 3.859529 0.729771 0.667422 -1
1 -52.119141 25.615477 5.218329 0.302122 0.555085 -1
1 -51.857338 29.704477 10.955629 0.293105 0.522287 -1
1 -57.067440 18.267828 13.786778 0.345580 0.534918 -1
1 -51.857338 29.704477 10.955629 0.680093 0.571057 -1
1 -57.067440 18.267828 13.786778 0.642105 0.523972 -1
1 -47.813839 23.440327 17.021328 0.639673 0.574313 -1
1 -39.223042 31.306177 14.716279 0.658184 0.630759 -1
1 -56.855339 9.821978 5.591529 0.913969 0.449327 -1
1 -50.621239 -1.604122 0.340579 0.901045 0.379328 -1
1 -53.524487 -3.863922 6.665679 0.882572 0.396074 -1
1 -57.855988 1.840277 12.483480 0.880804 0.443066 -1
1 -8.164340 -46.471325 -29.291271 0.840395 0.039424 -1
1 4.845210 -50.304821 -28.550171 0.802610 0.000000 -1
1 -8.164340 -46.471325 -29.291271 0.735475 0.859591 -1
1 -34.928143 -20.441822 -14.610220 0.889066 0.233762 -1
1 -33.185390 -24.833925 -10.800170 0.865537 0.225468 -1
1 -21.761890 -9.335622 -32.989872 0.285290 0.859190 -1
1 -12.237741 -5.217022 -40.083672 0.238287 0.892300 -1
1 -9.281390 11.994477 -36.484821 0.180071 0.834420 -1
1 10.423610 -1.859622 -50.124065 0.150561 0.964442 -1
1 -26.899441 -16.711323 -29.415421 0.325902 0.857329 -1
1 -39.033943 31.096178 -4.533971 0.238072 0.601117 -1
1 -47.050293 22.037827 -1.746671 0.292136 0.601443 -1
1 42.471012 9.725778 28.256029 0.420446 0.969660 -1
1 38.317707 10.969678 27.982828 0.432308 0.952347 -1
1 49.299709 5.199728 29.662228 0.390212 0.992994 -1
1 49.968262 5.305878 28.607576 0.391414 0.997217 -1
1 44.230259 7.862878 29.421228 0.408670 0.973793 -1
1 51.352509 3.623027 29.632929 0.381164 1.000000 -1
1 49.968262 5.305878 28.607576 0.293216 0.091024 -1
1 49.299709 5.199728 29.662228 0.296762 0.088695 -1
1 51.352509 3.623027 29.632929 0.290921 0.079113 -1
1 26.473011 -0.319973 32.599228 0.402556 0.872565 -1
1 17.006161 1.819128 32.515877 0.426089 0.831443 -1
1 19.001711 -7.728173 34.610928 0.384390 0.822474 -1
1 25.473009 -7.978572 32.603027 0.376455 0.854397 -1
1 11.701010 -2.729623 34.475979 0.414799 0.796687 -1
1 12.065910 -10.143473 34.516029 0.387264 0.785397 -1
1 25.473009 -7.978572 32.603027 0.578311 0.128599 -1
1 19.001711 -7.728173 34.610928 0.551563 0.117800 -1
1 12.065910 -10.143473 34.516029 0.520168 0.123128 -1
1 42.284710 5.583728 30.180130 0.402243 0.959944 -1
1 31.850662 5.792828 29.931179 0.420682 0.910985 -1
1 37.874458 -3.500022 30.775679 0.375531 0.922607 -1
1 48.632710 1.080427 29.955128 0.375856 0.982371 -1
1 37.874458 -3.500022 30.775679 0.636390 0.127460 -1
1 48.632710 1.080427 29.955128 0.687327 0.121288 -1
1 1.963310 -1.917623 34.119476 0.434469 0.752178 -1
1 -3.458941 2.844228 32.115780 0.464323 0.736422 -1
1 -2.053640 -6.658572 34.125027 0.423916 0.724799 -1
1 3.653960 -9.406522 34.161980 0.404469 0.747048 -1
1 3.653960 -9.406522 34.161980 0.488581 0.121085 -1
1 -2.053640 -6.658572 34.125027 0.470836 0.112943 -1
1 18.065111 47.960678 -12.629571 0.299696 0.435831 -1
1 22.214510 37.785275 2.136179 0.316338 0.345059 -1
1 33.565010 27.088326 -8.233070 0.245075 0.318996 -1
1 24.494759 38.655727 -26.814970 0.222933 0.437635 -1
1 32.504910 27.661627 12.860579 0.316210 0.254178 -1
1 41.687511 18.829426 12.889779 0.285528 0.204962 -1
1 32.653862 21.857126 20.456228 0.324348 0.209983 -1
1 43.687660 15.956027 21.730228 0.304972 0.162223 -1
1 39.966610 14.988928 24.922529 0.449721 0.969721 -1
1 47.789658 9.816578 25.582027 0.416864 0.997254 -1
1 43.687660 15.956027 21.730228 0.452896 0.991691 -1
1 32.653862 21.857126 20.456228 0.494814 0.950696 -1
1 47.789658 9.816578 25.582027 0.297536 0.120490 -1
1 10.240109 55.425224 -21.155672 0.297914 0.505388 -1
1 10.760509 54.095226 -12.589670 0.321765 0.471856 -1
1 17.115261 50.307976 -28.858921 0.253993 0.498716 -1
1 17.256411 43.581528 -36.320869 0.210352 0.500792 -1
1 -38.953941 12.569928 26.119879 0.569089 0.589878 -1
1 -51.000690 5.330128 26.493629 0.562070 0.519704 -1
1 -47.231789 13.212877 24.055279 0.588847 0.553401 -1
1 -55.108189 6.042728 22.874979 0.578026 0.504416 -1
1 -51.000690 5.330128 26.493629 0.822149 0.482372 -1
1 -55.108189 6.042728 22.874979 0.844989 0.483029 -1
1 39.609009 9.660978 28.684628 0.424156 0.955610 -1
1 50.626114 3.859827 30.294878 0.382015 0.996425 -1
1 51.352509 3.623027 29.632929 0.702676 0.116624 -1
1 50.626114 3.859827 30.294878 0.699666 0.112943 -1
1 3.281360 52.883232 -20.198771 0.029965 0.679000 -1
1 6.178060 53.001377 -16.108421 0.023470 0.669120 -1
1 13.282660 38.980427 -38.185822 0.027766 0.806272 -1
1 5.774160 37.536827 -35.717422 0.057219 0.786533 -1
1 10.240109 55.425224 -21.155672 0.000000 0.688820 -1
1 17.256411 43.581528 -36.320869 0.002922 0.793697 -1
1 13.282660 38.980427 -38.185822 0.193542 0.500562 -1
1 23.393612 8.359028 -50.789322 0.079086 0.962566 -1
1 -42.866543 19.229977 20.660078 0.609623 0.587442 -1
1 -57.167236 10.663327 18.208328 0.606666 0.506557 -1
1 -57.167236 10.663327 18.208328 0.872519 0.490292 -1
1 -57.067440 18.267828 13.786778 0.898682 0.504416 -1
1 36.739906 13.911777 26.122431 0.448961 0.951535 -1
1 47.772961 8.138878 27.802828 0.406768 0.992418 -1
1 47.772961 8.138878 27.802828 0.300007 0.107764 -1
1 5.643810 1.284878 33.063129 0.441918 0.776124 -1
1 7.173160 -8.285773 35.190929 0.400844 0.764874 -1
1 7.173160 -8.285773 35.190929 0.503511 0.114331 -1
1 -30.706890 46.633427 5.386129 0.172594 0.535152 -1
1 -19.471691 47.779778 1.469129 0.131400 0.568483 -1
1 -29.987539 44.371075 -4.198421 0.170373 0.578867 -1
1 -12.754991 51.416428 -8.169320 0.092793 0.606956 -1
1 -18.738493 41.781429 -15.479771 0.135134 0.650565 -1
1 18.065111 47.960678 -12.629571 0.673739 0.954256 -1
1 10.760509 54.095226 -12.589670 0.707952 0.930297 -1
1 0.226160 28.135878 18.102678 0.575392 0.809693 -1
1 22.214510 37.785275 2.136179 0.603127 0.944041 -1
1 10.240109 55.425224 -21.155672 0.729233 0.937167 -1
1 6.178060 53.001377 -16.108421 0.717965 0.909508 -1
1 3.281360 52.883232 -20.198771 0.729771 0.898898 -1
1 -2.938941 51.939075 -10.666520 0.719258 0.859916 -1
1 -12.754991 51.416428 -8.169320 0.729024 0.810362 -1
1 -19.471691 47.779778 1.469129 0.709382 0.764219 -1
1 32.504910 27.661627 12.860579 0.529924 0.966375 -1
1 -2.938941 51.939075 -10.666520 0.058888 0.634031 -1
1 -5.524490 39.829926 -26.581673 0.091989 0.723594 -1
158
-0.014382 -0.673635 -0.738925
0.091217 -0.338749 -0.936444
0.273347 -0.421878 -0.864465
0.357933 -0.540202 -0.761621
-0.194284 0.033030 -0.980389
0.249782 -0.410634 -0.876920
0.790590 -0.209483 -0.575398
0.120874 0.257587 -0.958665
0.494842 -0.118591 -0.860853
0.750680 0.372067 -0.545935
0.870657 0.111580 -0.479068
-0.208687 -0.887344 0.411181
0.022124 -0.977960 0.207616
0.034461 -0.898093 0.438453
-0.068827 -0.808839 0.583988
0.293959 -0.950908 -0.096756
0.330600 -0.881280 0.337712
0.384159 -0.655510 0.650175
-0.805189 -0.526687 -0.272526
-0.471632 -0.866662 0.162667
-0.458777 -0.842421 0.282578
-0.625219 -0.757165 0.189217
-0.302088 -0.825429 0.476876
-0.431441 -0.813722 0.389507
-0.233928 -0.260891 -0.936597
-0.435791 0.038589 -0.899220
-0.359759 -0.400439 -0.842747
-0.575205 -0.050485 -0.816450
-0.669365 0.192134 -0.717660
-0.761704 -0.079719 -0.643003
-0.699470 -0.124513 -0.703732
-0.691937 0.090718 -0.716236
-0.816917 -0.428055 -0.386544
-0.762832 -0.268520 -0.588205
-0.890435 0.015176 -0.454857
-0.543787 -0.714296 0.440542
-0.697286 -0.712282 -0.080293
-0.638031 -0.768652 0.045720
-0.408787 -0.823955 0.392418
-0.715547 -0.697126 0.044815
-0.531264 -0.456795 -0.713510
-0.728536 -0.175526 -0.662137
-0.478156 -0.730245 -0.487965
-0.895648 -0.309947 -0.318979
-0.853745 -0.052217 -0.518067
-0.842181 -0.011025 -0.539082
-0.756522 0.451254 -0.473333
-0.655590 0.524930 0.542817
-0.447962 0.514339 0.731290
-0.524889 0.739022 0.422301
-0.147134 0.370850 0.916963
-0.054170 0.426986 0.902634
-0.006730 0.597765 0.801643
0.226500 -0.833620 -0.503761
0.058517 -0.979045 -0.195058
-0.160223 -0.969871 -0.183515
0.364436 -0.691353 -0.623873
0.575259 -0.685490 -0.446297
0.978330 -0.197296 0.062800
0.749579 -0.661891 -0.005646
0.902244 0.381750 -0.200557
0.930066 0.268040 -0.251259
0.990880 0.061704 0.119787
0.949894 0.218456 -0.223560
0.994767 0.000408 0.102169
0.686091 -0.266104 0.677102
0.041899 -0.653936 0.755389
-0.091804 -0.777661 0.621945
-0.042678 -0.751934 0.657856
-0.178464 -0.794283 0.580746
0.342219 -0.546013 0.764693
0.267743 -0.408513 0.872600
-0.234303 -0.743936 0.625829
-0.231396 -0.384336 0.893724
-0.255797 -0.316384 0.913493
-0.195313 -0.496996 0.845487
-0.139384 0.178766 0.973969
-0.084601 0.188575 0.978408
-0.078987 0.212201 0.974029
-0.231866 -0.796589 0.558286
-0.251858 -0.800524 0.543810
-0.236527 -0.794076 0.559909
-0.222231 0.955572 0.193639
-0.440410 0.768027 -0.464945
0.084119 0.701625 0.707564
0.006195 0.956245 0.292503
-0.842235 0.327568 -0.428180
-0.789324 0.514098 0.335665
-0.852240 0.356026 0.383317
-0.281101 0.440917 0.852393
-0.198628 0.390741 0.898815
-0.813825 -0.522312 -0.254714
-0.943434 -0.320255 0.085846
-0.405620 -0.903615 -0.137670
-0.778543 -0.624292 0.064268
-0.653562 0.134864 -0.744761
-0.558346 0.192636 -0.806933
-0.518089 0.309699 -0.797289
-0.760428 0.019340 -0.649134
-0.573250 0.367869 -0.732159
-0.669339 0.267451 -0.693149
0.197003 0.608068 0.769053
0.121448 0.590327 0.797975
0.565311 0.542169 0.621673
0.769885 0.422000 0.478741
0.113607 0.470642 0.874980
0.587036 0.260247 0.766590
0.192547 0.226879 0.954700
0.061898 0.366545 0.928339
0.173557 -0.223254 0.959185
0.331258 -0.383094 0.862269
0.043805 0.241785 0.969341
0.060807 -0.438463 0.896690
-0.012724 0.189889 0.981723
0.109214 0.217626 0.969903
0.173865 -0.339333 0.924459
0.420282 -0.480803 0.769540
-0.077240 0.220888 0.972236
-0.072540 0.341849 0.936951
-0.186590 -0.227200 0.955806
-0.172128 -0.442352 0.880169
0.650160 0.709531 0.271769
0.506903 0.803601 0.311889
0.849600 0.523997 -0.060061
0.860495 0.482290 -0.164147
0.419568 0.811265 0.407201
0.804856 0.592074 -0.040695
0.209058 0.726335 0.654776
0.667291 0.689232 0.282279
0.239398 0.654173 0.717458
0.769400 0.565643 0.296770
-0.294938 0.946797 -0.128793
0.317319 0.892167 0.321475
0.674973 0.698704 -0.237116
-0.139202 0.589398 -0.795759
-0.116114 0.451670 0.884597
-0.431987 0.018869 0.901682
-0.335576 0.551373 0.763791
-0.780777 -0.048445 0.622929
-0.012173 0.363407 0.931551
0.293108 -0.123958 0.948010
-0.200169 0.958491 -0.203046
-0.336227 0.930786 -0.143484
-0.015282 0.590248 -0.807077
-0.466817 0.450649 -0.760919
-0.306605 0.516892 0.799260
-0.844838 0.304695 0.439784
0.112721 0.574129 0.810968
0.560804 0.612864 0.556684
-0.006957 0.354076 0.935191
-0.054229 -0.203407 0.977591
-0.129477 0.987606 0.088712
-0.384165 0.736263 -0.557076
-0.224858 0.971664 -0.072858
-0.544812 0.584158 -0.601614
0.017104 0.590031 0.807199
-0.157549 0.975775 -0.151792
-0.416224 0.557665 -0.718170
312
1 0 1 2 0 1 2 1
1 0 2 3 0 2 3 1
1 4 5 2 4 5 2 1
1 4 2 1 4 2 1 1
1 6 3 2 6 3 2 1
1 6 2 5 6 2 5 1
1 4 7 8 4 7 8 1
1 4 8 5 4 8 5 1
1 9 10 11 9 10 8 1
1 9 11 12 9 8 7 1
1 6 5 8 6 5 8 1
1 6 8 13 6 8 10 1
1 14 15 16 11 12 13 1
1 14 16 17 11 13 14 1
1 18 19 16 15 16 13 1
1 18 16 15 15 13 12 1
1 20 17 16 17 14 13 1
1 20 16 19 17 13 16 1
1 21 22 23 18 19 20 1
1 21 23 24 18 20 21 1
1 25 26 23 11 22 20 1
1 25 23 22 11 20 19 1
1 27 24 23 23 21 20 1
1 27 23 26 23 20 22 1
1 4 1 28 4 1 24 1
1 4 28 29 4 24 25 1
1 0 30 28 0 26 24 1
1 0 28 1 0 24 1 1
1 31 32 33 27 25 24 1
1 31 33 34 27 24 26 1
1 35 36 37 28 29 30 1
1 35 37 38 28 30 31 1
1 39 40 37 32 33 30 1
1 39 37 36 32 30 29 1
1 41 38 37 34 31 30 1
1 41 37 40 34 30 33 1
1 42 43 44 35 36 37 1
1 42 44 45 35 37 38 1
1 46 47 44 32 39 37 1
1 46 44 43 32 37 36 1
1 27 45 44 23 38 37 1
1 27 44 47 23 37 39 1
1 31 34 48 27 26 40 1
1 31 48 49 27 40 41 1
1 0 50 51 0 42 40 1
1 0 51 30 0 40 26 1
1 21 52 53 18 41 40 1
1 21 53 54 18 40 42 1
1 55 56 57 18 43 44 1
1 55 57 58 18 44 45 1
1 39 36 57 32 29 44 1
1 39 57 56 32 44 43 1
1 35 58 57 28 45 44 1
1 35 57 36 28 44 29 1
1 59 60 61 46 47 48 1
1 59 61 62 46 48 49 1
1 63 64 65 50 51 48 1
1 63 65 66 50 48 47 1
1 67 68 65 52 49 48 1
1 67 65 64 52 48 51 1
1 0 69 70 0 53 54 1
1 0 70 71 0 54 55 1
1 72 73 70 15 12 54 1
1 72 70 69 15 54 53 1
1 14 74 75 11 55 54 1
1 14 75 15 11 54 12 1
1 0 3 76 0 3 56 1
1 0 76 69 0 56 53 1
1 6 77 76 6 57 56 1
1 6 76 3 6 56 3 1
1 72 69 76 15 53 56 1
1 72 76 77 15 56 57 1
1 78 79 80 6 58 59 1
1 78 80 81 6 59 57 1
1 20 19 82 17 16 59 1
1 20 82 83 17 59 58 1
1 18 84 82 15 57 59 1
1 18 82 19 15 59 16 1
1 9 85 86 9 60 61 1
1 9 86 10 9 61 10 1
1 87 88 86 62 63 61 1
1 87 86 85 62 61 60 1
1 78 10 86 6 10 61 1
1 78 86 88 6 61 63 1
1 78 88 89 6 63 64 1
1 78 89 79 6 64 58 1
1 87 90 89 62 65 64 1
1 87 89 88 62 64 63 1
1 20 83 91 17 58 64 1
1 20 91 92 17 64 65 1
1 20 93 94 17 66 67 1
1 20 94 17 17 67 14 1
1 95 96 94 68 69 67 1
1 95 94 93 68 67 66 1
1 14 17 94 11 14 67 1
1 14 94 96 11 67 69 1
1 97 98 99 62 70 71 1
1 97 99 92 62 71 65 1
1 95 93 99 68 66 71 1
1 95 99 98 68 71 70 1
1 20 92 99 17 65 71 1
1 20 99 93 17 71 66 1
1 42 100 101 35 72 73 1
1 42 101 102 35 73 74 1
1 103 95 104 72 68 75 1
1 103 104 105 72 75 73 1
1 106 107 108 73 75 76 1
1 106 108 109 73 76 77 1
1 110 106 109 74 73 77 1
1 110 109 111 74 77 78 1
1 27 112 113 23 79 80 1
1 27 113 45 23 80 38 1
1 95 103 114 68 72 80 1
1 95 114 115 68 80 79 1
1 42 45 113 35 38 80 1
1 42 113 100 35 80 72 1
1 25 116 117 11 69 81 1
1 25 117 26 11 81 22 1
1 95 115 118 68 79 81 1
1 95 118 96 68 81 69 1
1 27 26 117 23 22 81 1
1 27 117 112 23 81 79 1
1 59 62 119 46 49 82 1
1 59 119 120 46 82 83 1
1 67 121 122 52 84 82 1
1 67 122 68 52 82 49 1
1 123 124 122 85 83 82 1
1 123 122 121 85 82 84 1
1 59 125 126 46 86 87 1
1 59 126 60 46 87 47 1
1 125 41 127 86 34 88 1
1 125 127 126 86 88 87 1
1 128 129 130 87 88 89 1
1 128 130 131 87 89 90 1
1 66 128 131 47 87 90 1
1 66 131 63 47 90 50 1
1 132 133 134 34 33 91 1
1 132 134 135 34 91 92 1
1 46 43 134 32 36 91 1
1 46 134 133 32 91 33 1
1 42 135 134 35 92 91 1
1 42 134 43 35 91 36 1
1 25 22 136 11 19 93 1
1 25 136 137 11 93 55 1
1 21 54 136 18 42 93 1
1 21 136 22 18 93 19 1
1 0 71 138 0 55 93 1
1 0 138 50 0 93 42 1
1 46 139 140 32 43 94 1
1 46 140 47 32 94 39 1
1 21 24 140 18 21 94 1
1 21 140 139 18 94 43 1
1 27 47 140 23 39 94 1
1 27 140 24 23 94 21 1
1 31 141 142 27 95 96 1
1 31 142 32 27 96 25 1
1 35 143 142 28 97 96 1
1 35 142 141 28 96 95 1
1 144 32 142 4 25 96 1
1 144 142 143 4 96 97 1
1 55 58 145 18 45 98 1
1 55 145 49 18 98 41 1
1 35 141 145 28 95 98 1
1 35 145 58 28 98 45 1
1 31 49 145 27 41 98 1
1 31 145 141 27 98 95 1
1 59 146 147 46 99 100 1
1 59 147 125 46 100 86 1
1 35 38 147 28 31 100 1
1 35 147 146 28 100 99 1
1 41 125 147 34 86 100 1
1 41 147 38 34 100 31 1
1 148 149 150 101 102 103 1
1 148 150 151 101 103 104 1
1 152 153 150 105 106 103 1
1 152 150 149 105 103 102 1
1 87 154 155 62 104 103 1
1 87 155 156 62 103 106 1
1 157 158 159 107 108 109 1
1 157 159 160 107 109 110 1
1 161 162 159 111 112 109 1
1 161 159 158 111 109 108 1
1 95 163 164 68 110 109 1
1 95 164 165 68 109 112 1
1 166 167 168 113 114 115 1
1 166 168 169 113 115 116 1
1 167 157 160 114 107 110 1
1 167 160 168 114 110 115 1
1 170 163 95 115 110 68 1
1 170 95 98 115 68 70 1
1 171 170 98 116 115 70 1
1 171 98 97 116 70 62 1
1 172 173 174 117 118 119 1
1 172 174 175 117 119 120 1
1 108 107 174 76 75 119 1
1 108 174 173 76 119 118 1
1 95 176 177 68 120 119 1
1 95 177 104 68 119 75 1
1 178 179 180 121 122 123 1
1 178 180 181 121 123 124 1
1 179 182 183 122 125 126 1
1 179 183 180 122 126 123 1
1 180 183 87 123 126 62 1
1 180 87 85 123 62 60 1
1 181 180 85 124 123 60 1
1 181 85 9 124 60 9 1
1 182 184 185 125 127 128 1
1 182 185 183 125 128 126 1
1 186 187 188 129 130 128 1
1 186 188 189 129 128 127 1
1 87 183 185 62 126 128 1
1 87 185 190 62 128 130 1
1 191 192 193 131 132 133 1
1 191 193 194 131 133 134 1
1 178 181 193 121 124 133 1
1 178 193 192 121 133 132 1
1 9 194 193 9 134 133 1
1 9 193 181 9 133 124 1
1 111 195 196 78 135 136 1
1 111 196 110 78 136 74 1
1 197 198 196 137 138 136 1
1 197 196 195 137 136 135 1
1 42 102 199 35 74 136 1
1 42 199 200 35 136 138 1
1 152 201 202 105 139 140 1
1 152 202 153 105 140 106 1
1 166 169 202 113 116 140 1
1 166 202 201 113 140 139 1
1 97 203 204 62 106 140 1
1 97 204 171 62 140 116 1
1 205 206 207 141 142 143 1
1 205 207 208 141 143 144 1
1 206 209 210 142 131 134 1
1 206 210 207 142 134 143 1
1 211 194 9 143 134 9 1
1 211 9 12 143 9 7 1
1 208 207 212 144 143 7 1
1 208 212 144 144 7 4 1
1 197 213 214 137 145 146 1
1 197 214 198 137 146 138 1
1 213 130 129 145 89 88 1
1 213 129 214 145 88 146 1
1 215 216 132 146 88 34 1
1 215 132 135 146 34 92 1
1 200 215 135 138 146 92 1
1 200 135 42 138 92 35 1
1 186 217 218 129 147 148 1
1 186 218 187 129 148 130 1
1 148 151 218 101 104 148 1
1 148 218 217 101 148 147 1
1 87 190 219 62 130 148 1
1 87 219 154 62 148 104 1
1 161 220 221 111 149 150 1
1 161 221 162 111 150 112 1
1 172 175 221 117 120 150 1
1 172 221 220 117 150 149 1
1 95 165 222 68 112 150 1
1 95 222 176 68 150 120 1
1 223 224 225 85 151 152 1
1 223 225 120 85 152 83 1
1 224 226 227 151 153 154 1
1 224 227 225 151 154 152 1
1 225 227 35 152 154 28 1
1 225 35 146 152 28 99 1
1 120 225 146 83 152 99 1
1 120 146 59 83 99 46 1
1 228 229 230 121 132 155 1
1 228 230 231 121 155 122 1
1 232 233 230 131 142 155 1
1 232 230 229 131 155 132 1
1 234 235 230 141 156 155 1
1 234 230 233 141 155 142 1
1 236 237 230 153 151 155 1
1 236 230 235 153 155 156 1
1 123 121 230 85 84 155 1
1 123 230 237 85 155 151 1
1 67 64 230 52 51 155 1
1 67 230 121 52 155 84 1
1 63 131 230 50 90 155 1
1 63 230 64 50 155 51 1
1 130 213 230 89 145 155 1
1 130 230 131 89 155 90 1
1 197 195 230 137 135 155 1
1 197 230 213 137 155 145 1
1 111 109 230 78 77 155 1
1 111 230 195 78 155 135 1
1 108 173 230 76 118 155 1
1 108 230 109 76 155 77 1
1 172 220 230 117 149 155 1
1 172 230 173 117 155 118 1
1 161 158 230 111 108 155 1
1 161 230 220 111 155 149 1
1 157 167 230 107 114 155 1
1 157 230 158 107 155 108 1
1 166 201 230 113 139 155 1
1 166 230 167 113 155 114 1
1 152 149 230 105 102 155 1
1 152 230 201 105 155 139 1
1 148 217 230 101 147 155 1
1 148 230 149 101 155 102 1
1 186 189 230 129 127 155 1
1 186 230 217 129 155 147 1
1 238 231 230 125 122 155 1
1 238 230 189 125 155 127 1
1 226 239 240 153 156 157 1
1 226 240 227 153 157 154 1
1 239 205 208 156 141 144 1
1 239 208 240 156 144 157 1
1 240 208 144 157 144 4 1
1 240 144 143 157 4 97 1
1 227 240 143 154 157 97 1
1 227 143 35 154 97 28 1

Materials: 1
"Material.001"
1.000000 1.000000 1.000000 1.000000
0.800000 0.800000 0.800000 1.000000
0.500000 0.500000 0.500000 1.000000
0.000000 0.000000 0.000000 1.000000
0.185600
1.000000
"snowtexb.png"
""

Bones: 0
GroupComments: 0
MaterialComments: 0
BoneComments: 0
ModelComment: 0
