// MilkShape 3D ASCII

Frames: 30
Frame: 1

Meshes: 2
"default" 1 0
202
1 30.672760 119.881882 -46.523815 0.537432 0.425851 -1
1 28.197262 126.564178 -36.012512 0.532123 0.440439 -1
1 41.626659 122.048676 -39.068615 0.546145 0.436617 -1
1 46.113960 123.652878 -28.422909 0.547831 0.450849 -1
1 22.020561 129.252289 -28.109812 0.526393 0.446760 -1
1 34.415062 126.121780 -22.778812 0.536821 0.454661 -1
1 59.023064 117.402481 -31.913113 0.563194 0.446651 -1
1 67.799660 111.752380 -24.894312 0.573484 0.458268 -1
1 44.036160 121.679977 -18.280912 0.546713 0.462524 -1
1 19.027260 124.738480 -12.440512 0.523802 0.465738 -1
1 19.321659 129.006989 -24.153912 0.521964 0.454528 -1
1 5.486560 125.906982 -12.751910 0.509305 0.465367 -1
1 -3.960239 128.412979 -24.285013 0.502769 0.449886 -1
1 -15.794840 124.427177 -33.517311 0.492353 0.436472 -1
1 -12.403341 125.256386 -17.561611 0.493388 0.456279 -1
1 -0.088939 128.545685 -32.053314 0.506547 0.441566 -1
1 -2.022841 123.099075 -43.556713 0.505548 0.426251 -1
1 14.115862 -50.189823 -110.065506 0.557901 0.046008 -1
1 35.311058 -56.855518 -97.153015 0.620390 0.025143 -1
1 -42.725239 -57.348019 -99.454216 0.412259 0.011012 -1
1 4.744161 -40.487118 -117.988106 0.532950 0.082523 -1
1 -40.354439 -40.056320 -117.929207 0.434116 0.088765 -1
1 -47.464642 -25.553118 -118.367805 0.421976 0.127012 -1
1 -45.876942 -50.692322 -109.884514 0.412286 0.050737 -1
1 -122.785355 -52.909924 -90.668610 0.234843 0.134569 -1
1 -69.594040 -43.473019 -111.979912 0.363986 0.090401 -1
1 -101.300743 -34.027420 -107.046509 0.312212 0.149299 -1
1 -135.032333 -45.678417 -92.391113 0.227849 0.173438 -1
1 -119.270348 -59.453323 -79.672714 0.214409 0.102369 -1
1 -185.751328 -56.909122 -53.390114 0.115568 0.276108 -1
1 -180.506149 -39.726818 -68.171616 0.163429 0.275122 -1
1 -195.484756 -49.901318 -53.162216 0.123995 0.303619 -1
1 -161.560333 -62.095524 -55.373810 0.115747 0.204584 -1
1 -219.913452 -60.828522 -7.038211 0.066855 0.403200 -1
1 -192.372559 -64.679428 -26.655411 0.059453 0.315821 -1
1 -210.337448 -68.572929 19.011589 0.026258 0.453730 -1
1 -212.333649 -41.865719 -33.910713 0.114655 0.361531 -1
1 -227.117142 -54.212822 -5.588011 0.080137 0.415309 -1
1 -223.883041 -64.245224 30.067690 0.052638 0.483232 -1
1 -217.614243 -32.653519 -5.472211 0.117641 0.427410 -1
1 -224.277634 -44.425018 -10.483810 0.096394 0.410194 -1
1 -229.543030 -48.980522 19.059490 0.080807 0.463648 -1
1 -229.396240 -57.661720 29.875387 0.066394 0.482481 -1
1 -213.411545 -67.743027 59.561687 0.048248 0.554240 -1
1 -220.086441 -35.987621 17.855589 0.106274 0.469976 -1
1 -222.104950 -51.079426 47.669491 0.076859 0.519334 -1
1 -218.864929 -61.168922 58.871891 0.061791 0.545418 -1
1 -198.638138 -72.832230 58.929390 0.019787 0.574004 -1
1 -154.800140 -79.882523 107.525291 0.068181 0.767402 -1
1 -194.640152 -58.454418 87.957985 0.083081 0.629244 -1
1 -185.629745 -67.337624 99.433685 0.074908 0.670526 -1
1 -188.081848 -47.388924 83.288086 0.108829 0.619433 -1
1 -181.248032 -73.566727 98.069290 0.062338 0.683350 -1
1 -156.304916 -68.127129 122.371391 0.111805 0.753556 -1
1 -147.008942 -49.527721 113.297485 0.153481 0.729199 -1
1 -122.181747 -65.353020 132.933701 0.163089 0.815635 -1
1 -154.345627 -75.655624 119.581390 0.096897 0.766632 -1
1 -120.135544 -74.764023 131.904999 0.152325 0.840502 -1
1 15.223761 -47.785816 115.783493 0.484012 0.917857 -1
1 -91.960045 -68.592827 133.666000 0.216470 0.874730 -1
1 7.329560 -54.969421 116.688194 0.461912 0.939485 -1
1 -33.187336 -35.731522 113.786186 0.389640 0.847547 -1
1 -87.602539 -52.012321 128.366592 0.253180 0.832020 -1
1 47.957458 -34.567120 105.533195 0.551190 0.846984 -1
1 -11.994942 -62.996521 114.204193 0.409971 0.964784 -1
1 48.434662 -57.764721 106.328094 0.571678 0.959541 -1
1 95.643456 -40.638218 105.238297 0.681246 0.876010 -1
1 105.693962 -15.698021 86.754486 0.701522 0.796194 -1
1 126.431061 -38.961819 105.346695 0.764287 0.850495 -1
1 113.741257 -55.107719 101.885094 0.744014 0.917350 -1
1 112.491158 -48.695122 104.819695 0.735822 0.893089 -1
1 184.181549 -26.653419 110.989693 0.863697 0.752478 -1
1 197.584656 -39.659718 118.630592 0.896655 0.752500 -1
1 205.638275 -54.811325 106.210091 0.937367 0.753187 -1
1 195.695953 -47.538219 118.452095 0.905239 0.764956 -1
1 178.159561 -54.597820 111.964394 0.899000 0.815576 -1
1 209.833374 -28.470720 111.749687 0.894943 0.722744 -1
1 225.930176 -40.218319 112.034393 0.916135 0.714041 -1
1 236.137970 -31.212320 78.619385 0.915568 0.664518 -1
1 220.824371 -15.467722 79.170891 0.888802 0.663833 -1
1 226.468567 -31.427620 105.389786 0.909195 0.703027 -1
1 211.645248 -14.269621 92.034286 0.877712 0.686284 -1
1 221.564468 -48.053818 110.286186 0.923917 0.721640 -1
1 217.255569 -55.230923 67.556290 0.975750 0.656810 -1
1 233.040955 -48.419216 82.947289 0.939747 0.678876 -1
1 221.970062 -48.787716 44.107586 0.953926 0.595434 -1
1 177.984055 -56.073719 -9.929710 0.952427 0.391469 -1
1 221.895966 -28.436119 34.824791 0.909318 0.581539 -1
1 217.897659 -13.404022 49.365189 0.884882 0.606976 -1
1 185.227478 -41.530121 -32.432114 0.889216 0.382806 -1
1 198.505569 -29.340719 -10.289412 0.882897 0.467910 -1
1 223.834763 -40.833920 35.029190 0.932302 0.575234 -1
1 188.511475 -49.225121 -17.762712 0.920382 0.406529 -1
1 148.397446 -56.529922 -48.257416 0.889679 0.258067 -1
1 156.326965 -42.250622 -65.127411 0.839434 0.285565 -1
1 176.135361 -32.729218 -45.875713 0.855237 0.360996 -1
1 156.769470 -50.052322 -57.158714 0.863065 0.282534 -1
1 104.258751 -56.742222 -79.534409 0.790834 0.131914 -1
1 126.473854 -46.683815 -84.804314 0.792538 0.204808 -1
1 143.418274 -32.430019 -77.651009 0.800549 0.268177 -1
1 160.029282 -18.051620 -57.128410 0.807463 0.337115 -1
1 86.073555 -42.877518 -103.673615 0.708981 0.143889 -1
1 115.700363 -31.312319 -95.109612 0.751796 0.215242 -1
1 80.924858 -50.232121 -98.966003 0.712971 0.114497 -1
1 41.427761 -30.254021 -115.414810 0.603678 0.126577 -1
1 -36.380035 -8.457622 -115.976105 0.447103 0.161660 -1
1 2.388561 -17.104622 -118.747505 0.522186 0.138669 -1
1 -2.764341 8.751678 -110.115501 0.511472 0.200340 -1
1 -79.194542 -13.972722 -110.269806 0.364157 0.171983 -1
1 -45.027843 8.326879 -108.224602 0.435159 0.205679 -1
1 -114.422539 -15.495021 -99.187416 0.297908 0.205754 -1
1 -138.075851 -35.540218 -93.095917 0.241680 0.197451 -1
1 -84.061340 6.779779 -99.297112 0.365043 0.227408 -1
1 -112.579033 4.741479 -88.714912 0.314024 0.256795 -1
1 -147.574539 -20.148022 -84.105011 0.236028 0.246407 -1
1 -144.768631 -0.313821 -71.481010 0.256097 0.293976 -1
1 -181.744141 -28.435419 -62.872913 0.172655 0.298281 -1
1 -185.836945 -20.650221 -51.631413 0.175948 0.329120 -1
1 -204.020630 -25.396420 -27.797209 0.144535 0.376847 -1
1 -183.491440 -4.885921 -5.783010 0.185823 0.433370 -1
1 -183.110260 -7.821021 15.262489 0.176451 0.475554 -1
1 -206.058731 -33.484921 42.021187 0.114961 0.521057 -1
1 -136.654633 -16.655319 78.298988 0.215900 0.644857 -1
1 -114.092255 -48.731422 123.002495 0.202158 0.785861 -1
1 -106.774452 -13.592622 88.750587 0.261923 0.692195 -1
1 -82.720551 -9.330621 90.354385 0.309863 0.716846 -1
1 -36.288342 -4.044521 87.984787 0.398400 0.749525 -1
1 61.366360 11.768778 63.056690 0.595331 0.710418 -1
1 16.249660 0.655979 78.418686 0.505332 0.749002 -1
1 92.549355 44.624081 32.592487 0.641622 0.602657 -1
1 129.785568 14.774579 61.520691 0.720795 0.669897 -1
1 154.467255 21.872179 50.583092 0.760434 0.623174 -1
1 183.617569 -10.843521 94.932487 0.841535 0.708945 -1
1 151.569382 38.013882 20.825188 0.740957 0.553383 -1
1 143.923172 48.151279 4.984489 0.718564 0.514795 -1
1 170.685867 22.312580 -1.896711 0.787381 0.498574 -1
1 173.620071 -11.771921 -35.276215 0.819624 0.400137 -1
1 146.175964 40.784683 -24.175510 0.733396 0.452846 -1
1 83.282257 -14.921522 -103.895805 0.676062 0.200826 -1
1 80.079155 5.007779 -97.251015 0.657910 0.243993 -1
1 119.630554 -7.333321 -85.651917 0.727930 0.268398 -1
1 38.225063 -0.065721 -109.360107 0.588867 0.197102 -1
1 85.860161 -32.492519 -105.724106 0.691628 0.165671 -1
1 -9.236040 43.891880 -92.024620 0.498953 0.282396 -1
1 -43.204239 42.528984 -88.941711 0.445322 0.289571 -1
1 -95.555038 62.538380 -42.312412 0.370809 0.388210 -1
1 -128.470535 39.857182 -29.621212 0.297935 0.406225 -1
1 -138.800034 34.014481 -11.275512 0.284647 0.438765 -1
1 -162.786148 -14.623921 55.787487 0.187769 0.575334 -1
1 -121.861145 29.136681 37.825089 0.290654 0.533147 -1
1 -176.928436 -11.444221 35.181988 0.180826 0.525246 -1
1 -21.688440 17.395979 71.586792 0.432392 0.693718 -1
1 -44.067242 36.580082 60.934586 0.410300 0.632451 -1
1 8.171559 31.497679 56.546989 0.493274 0.652761 -1
1 126.247856 46.977081 24.083788 0.696132 0.563453 -1
1 139.177261 53.213982 -11.694211 0.704965 0.480385 -1
1 137.985352 -8.154122 -72.275612 0.760059 0.307759 -1
1 138.548355 38.932781 -35.991013 0.718197 0.421305 -1
1 118.628052 44.036980 -51.038116 0.686559 0.386225 -1
1 27.946262 44.006279 -88.877815 0.553442 0.292289 -1
1 -9.507742 73.015671 -79.362610 0.497816 0.341989 -1
1 28.101460 80.225174 -74.147614 0.545964 0.355306 -1
1 -47.466442 105.481186 -27.319115 0.451162 0.438599 -1
1 -44.335735 107.128479 -16.705013 0.455079 0.452323 -1
1 -139.319336 31.245281 6.884389 0.277249 0.471181 -1
1 -5.929639 109.243774 5.373289 0.493701 0.493688 -1
1 -66.727737 34.404182 60.976089 0.373200 0.623941 -1
1 68.819153 73.182472 11.076888 0.585498 0.549162 -1
1 91.408356 77.267075 -0.411211 0.621939 0.507485 -1
1 97.124557 82.013474 -10.912413 0.626058 0.485393 -1
1 102.576759 82.298073 -22.979509 0.633579 0.463120 -1
1 81.865356 98.489571 -37.192112 0.596819 0.442109 -1
1 96.208153 44.760979 -65.431114 0.653800 0.353968 -1
1 85.276756 85.320572 -48.765713 0.613121 0.410106 -1
1 53.335659 73.597977 -71.203110 0.579565 0.361491 -1
1 68.605553 42.555683 -79.549416 0.615988 0.318048 -1
1 5.490759 104.084183 9.664389 0.506955 0.513406 -1
1 -132.388626 30.796082 21.819389 0.282090 0.501501 -1
1 -3.481539 105.513779 -59.523609 0.503962 0.396208 -1
1 13.175360 94.469170 -67.752708 0.521333 0.379421 -1
1 -26.252737 83.257874 -70.516113 0.476110 0.362174 -1
1 -20.987137 110.751579 -50.074917 0.484789 0.410783 -1
1 -58.580139 61.262482 -72.861412 0.426163 0.336507 -1
1 -65.676445 75.396072 -57.442116 0.420164 0.372822 -1
1 -39.232136 107.594887 -39.772209 0.462046 0.421600 -1
1 -31.572237 113.310074 -10.454813 0.467766 0.465639 -1
1 -99.391243 31.202282 51.941986 0.320965 0.582518 -1
1 -22.531141 110.334274 0.145190 0.476005 0.483573 -1
1 -81.867249 34.838680 56.433189 0.349709 0.598416 -1
1 73.218155 91.008171 -4.629111 0.591267 0.498383 -1
1 56.429359 112.407784 -14.075812 0.561779 0.471288 -1
1 65.898857 86.839073 -60.079216 0.587139 0.393128 -1
1 63.660259 108.846581 -43.235413 0.571776 0.430138 -1
1 46.844059 103.502068 -56.584614 0.555922 0.405638 -1
1 18.873060 116.080879 -52.313911 0.524701 0.413197 -1
1 -23.050341 122.054779 -26.011311 0.484098 0.445003 -1
1 20.068861 119.748077 -5.593110 0.523354 0.478268 -1
1 35.915260 111.019180 -3.595511 0.540270 0.488314 -1
1 10.229460 126.652481 -39.729511 0.516550 0.433330 -1
1 -100.433136 -78.244629 126.935089 0.179828 0.891685 -1
1 238.534958 -40.426319 83.358086 0.927640 0.674000 -1
1 25.010458 84.195274 17.623289 0.525760 0.539378 -1
202
0.185589 0.760616 -0.622110
0.167099 0.924048 -0.343823
0.301180 0.850369 -0.431467
0.332537 0.943088 -0.001854
0.091840 0.994126 -0.057263
0.214462 0.944494 0.248870
0.487404 0.844221 -0.222999
0.545829 0.813389 0.201170
0.325611 0.839871 0.434274
0.143287 0.879898 0.453043
0.068032 0.970843 0.229860
-0.051806 0.873223 0.484559
-0.131742 0.987714 0.084053
-0.343939 0.902864 -0.257961
-0.291833 0.913774 0.282580
-0.122308 0.965519 -0.229812
-0.159935 0.795263 -0.584789
0.054735 -0.715750 -0.696209
0.067737 -0.914395 -0.399115
-0.027666 -0.912084 -0.409070
0.060768 -0.276762 -0.959015
-0.083164 -0.360623 -0.928997
-0.101251 0.050001 -0.993604
-0.070939 -0.726287 -0.683722
-0.189305 -0.773456 -0.604921
-0.187278 -0.478924 -0.857647
-0.268871 -0.055352 -0.961584
-0.368503 -0.444310 -0.816575
-0.124711 -0.917686 -0.377226
-0.335757 -0.802032 -0.493976
-0.604543 0.024710 -0.796189
-0.626308 -0.449389 -0.637014
-0.149941 -0.943215 -0.296418
-0.494836 -0.816924 -0.296265
-0.206418 -0.951274 -0.229062
-0.247354 -0.964784 -0.089490
-0.802827 0.225779 -0.551808
-0.892544 -0.333734 -0.303293
-0.601946 -0.797601 -0.038652
-0.751868 0.652882 -0.091873
-0.884600 0.381499 -0.268219
-0.929321 0.367338 0.037744
-0.943909 -0.293382 0.151536
-0.542189 -0.814179 0.207713
-0.682319 0.712506 0.163636
-0.769156 0.494415 0.404910
-0.857876 -0.134996 0.495807
-0.209951 -0.977711 0.000918
-0.156943 -0.975124 0.156530
-0.646330 0.404513 0.647014
-0.707341 -0.263061 0.656100
-0.485591 0.678416 0.551320
-0.507680 -0.718455 0.475483
-0.497727 0.077299 0.863882
-0.317362 0.648591 0.691817
-0.166805 0.298549 0.939705
-0.356124 -0.715039 0.601576
-0.133114 -0.595168 0.792500
0.113618 0.231422 0.966196
0.101704 -0.165712 0.980916
0.176702 -0.500289 0.847636
0.056141 0.591449 0.804386
0.012208 0.515747 0.856654
0.072544 0.584619 0.808058
0.181238 -0.824294 0.536369
0.108784 -0.814995 0.569165
0.046248 0.375681 0.925595
-0.040818 0.629021 0.776316
-0.127567 0.280134 0.951447
-0.049522 -0.681500 0.730140
0.018327 -0.192413 0.981143
-0.091159 0.591710 0.800980
0.022029 0.240288 0.970452
0.187987 -0.933419 0.305598
0.023572 -0.373514 0.927325
-0.009949 -0.798180 0.602337
0.198242 0.625673 0.754475
0.609160 -0.065503 0.790338
0.896981 0.439150 -0.050723
0.583910 0.785857 0.203662
0.662975 0.589188 0.461867
0.325045 0.826367 0.459852
0.439102 -0.709355 0.551367
0.295400 -0.954414 -0.042802
0.672647 -0.738236 0.050541
0.589267 -0.772223 -0.237562
0.298998 -0.938504 -0.172656
0.862012 0.358584 -0.358263
0.745046 0.650109 -0.149217
0.772661 -0.327169 -0.544017
0.837568 0.249554 -0.486007
0.896662 -0.235464 -0.374905
0.554737 -0.753210 -0.353471
0.263223 -0.932196 -0.248444
0.645616 -0.336203 -0.685673
0.764789 0.132248 -0.630562
0.459972 -0.753965 -0.469001
0.185670 -0.913640 -0.361648
0.412831 -0.556499 -0.721027
0.614027 0.085398 -0.784651
0.683712 0.384854 -0.620020
0.234302 -0.409449 -0.881734
0.423997 -0.004430 -0.905653
0.171601 -0.763311 -0.622824
0.168558 0.003988 -0.985684
-0.080947 0.292849 -0.952726
0.048073 0.162387 -0.985555
0.031182 0.402618 -0.914837
-0.227972 0.278021 -0.933131
-0.131611 0.433294 -0.891591
-0.360465 0.313650 -0.878458
-0.433137 0.038182 -0.900519
-0.272071 0.467740 -0.840950
-0.401578 0.523829 -0.751225
-0.493387 0.370307 -0.787046
-0.525973 0.590062 -0.612519
-0.628295 0.411222 -0.660411
-0.642831 0.608926 -0.464733
-0.701821 0.665650 -0.253690
-0.638041 0.769494 0.027966
-0.591507 0.774357 0.224704
-0.561744 0.743664 0.362503
-0.380133 0.701098 0.603291
-0.160645 0.645044 0.747069
-0.239554 0.663170 0.709097
-0.084894 0.628227 0.773385
0.043114 0.610573 0.790785
0.062215 0.655502 0.752627
0.111485 0.617604 0.778548
0.083404 0.692613 0.716471
-0.012013 0.736087 0.676780
0.166266 0.832260 0.528865
0.054633 0.780323 0.622985
0.370861 0.845214 0.384806
0.579813 0.804429 0.129272
0.751848 0.595133 -0.283797
0.746450 0.436483 -0.502290
0.699747 0.591203 -0.401039
0.285003 0.245333 -0.926599
0.292385 0.431175 -0.853580
0.466411 0.378240 -0.799622
0.160915 0.332849 -0.929149
0.274248 -0.021312 -0.961423
-0.006808 0.431836 -0.901926
-0.183113 0.475365 -0.860522
-0.583184 0.715509 -0.384634
-0.628129 0.744538 -0.226090
-0.635760 0.771830 -0.009371
-0.470026 0.718841 0.512195
-0.470070 0.717220 0.514422
-0.539991 0.743724 0.394062
0.112411 0.564332 0.817859
0.005031 0.582395 0.812890
0.184278 0.559163 0.808318
0.221758 0.783698 0.580208
0.678418 0.724272 -0.123206
0.596875 0.407957 -0.690877
0.637674 0.521523 -0.566909
0.542657 0.484700 -0.685995
0.157017 0.419016 -0.894299
-0.061468 0.463295 -0.884070
0.122312 0.431116 -0.893968
-0.595446 0.794310 -0.120485
-0.565832 0.807335 0.167467
-0.613127 0.763048 0.204531
-0.083201 0.688695 0.720262
-0.134881 0.618603 0.774040
0.195994 0.615544 0.763343
0.273668 0.709673 0.649208
0.457620 0.764904 0.453328
0.633625 0.773615 0.006293
0.626595 0.704458 -0.333343
0.433782 0.456721 -0.776685
0.537782 0.537757 -0.649314
0.248573 0.411702 -0.876763
0.308343 0.420909 -0.853089
0.131949 0.581657 0.802661
-0.549982 0.758068 0.350504
-0.116594 0.602821 -0.789312
0.044320 0.529187 -0.847347
-0.231020 0.542748 -0.807499
-0.333442 0.678850 -0.654201
-0.326069 0.554106 -0.765928
-0.459176 0.641968 -0.614032
-0.515753 0.765616 -0.384489
-0.455385 0.808703 0.372323
-0.356967 0.681594 0.638752
-0.278806 0.755931 0.592313
-0.241904 0.665596 0.706020
0.335578 0.610670 0.717265
0.384354 0.689972 0.613360
0.385283 0.479368 -0.788520
0.422920 0.689411 -0.588091
0.228905 0.566171 -0.791867
0.039065 0.671053 -0.740380
-0.489998 0.871715 0.003786
0.159585 0.721675 0.673586
0.275186 0.583600 0.763992
0.013940 0.888742 -0.458197
0.122328 -0.881773 0.455534
0.989388 -0.083237 0.119096
0.251222 0.544130 0.800506
384
1 0 1 2 0 1 2 1
1 3 4 5 3 4 5 1
1 2 3 6 2 3 6 1
1 3 7 6 3 7 6 1
1 3 8 7 3 8 7 1
1 5 8 3 5 8 3 1
1 5 9 8 5 9 8 1
1 9 10 11 9 10 11 1
1 11 10 12 11 10 12 1
1 12 13 14 12 13 14 1
1 15 16 13 15 16 13 1
1 17 18 19 17 18 19 1
1 20 17 21 20 17 21 1
1 21 22 20 21 22 20 1
1 23 21 17 23 21 17 1
1 24 25 23 24 25 23 1
1 22 21 26 22 21 26 1
1 26 25 27 26 25 27 1
1 28 24 19 28 24 19 1
1 29 27 24 29 27 24 1
1 30 27 31 30 27 31 1
1 32 29 28 32 29 28 1
1 31 29 33 31 29 33 1
1 34 29 32 34 29 32 1
1 35 33 34 35 33 34 1
1 36 31 37 36 31 37 1
1 37 33 38 37 33 38 1
1 39 40 41 39 40 41 1
1 42 38 43 42 38 43 1
1 44 41 45 44 41 45 1
1 41 37 42 41 37 42 1
1 45 42 46 45 42 46 1
1 43 47 48 43 47 48 1
1 49 46 50 49 46 50 1
1 51 45 49 51 45 49 1
1 50 43 52 50 43 52 1
1 51 49 53 51 49 53 1
1 54 53 55 54 53 55 1
1 53 56 57 53 56 57 1
1 58 59 60 58 59 60 1
1 61 62 63 61 62 63 1
1 62 59 58 62 59 58 1
1 60 64 65 60 64 65 1
1 63 58 66 63 58 66 1
1 67 66 68 67 66 68 1
1 69 70 65 69 70 65 1
1 71 68 72 71 68 72 1
1 73 74 75 73 74 75 1
1 76 72 77 76 72 77 1
1 75 74 69 75 74 69 1
1 78 79 80 78 79 80 1
1 81 76 80 81 76 80 1
1 82 77 74 82 77 74 1
1 83 84 73 83 84 73 1
1 85 83 86 85 83 86 1
1 87 88 78 87 88 78 1
1 89 90 91 89 90 91 1
1 92 91 85 92 91 85 1
1 92 86 93 92 86 93 1
1 94 95 89 94 95 89 1
1 96 89 92 96 89 92 1
1 96 93 97 96 93 97 1
1 98 99 94 98 99 94 1
1 99 100 95 99 100 95 1
1 101 102 98 101 102 98 1
1 103 97 18 103 97 18 1
1 103 101 98 103 101 98 1
1 20 104 101 20 104 101 1
1 105 106 22 105 106 22 1
1 107 106 105 107 106 105 1
1 108 22 26 108 22 26 1
1 109 105 108 109 105 108 1
1 110 26 111 110 26 111 1
1 112 108 110 112 108 110 1
1 113 110 114 113 110 114 1
1 114 111 30 114 111 30 1
1 115 114 116 115 114 116 1
1 115 116 117 115 116 117 1
1 117 116 36 117 116 36 1
1 118 36 40 118 36 40 1
1 119 39 44 119 39 44 1
1 120 44 121 120 44 121 1
1 121 44 45 121 44 45 1
1 54 122 51 54 122 51 1
1 123 124 54 123 124 54 1
1 62 125 123 62 125 123 1
1 61 126 62 61 126 62 1
1 126 61 63 126 61 63 1
1 127 128 63 127 128 63 1
1 129 67 130 129 67 130 1
1 129 127 67 129 127 67 1
1 127 63 67 127 63 67 1
1 130 67 71 130 67 71 1
1 131 132 81 131 132 81 1
1 132 71 76 132 71 76 1
1 79 133 81 79 133 81 1
1 133 131 81 133 131 81 1
1 88 134 79 88 134 79 1
1 87 135 88 87 135 88 1
1 136 137 135 136 137 135 1
1 90 135 87 90 135 87 1
1 100 136 95 100 136 95 1
1 138 139 140 138 139 140 1
1 102 140 99 102 140 99 1
1 106 141 104 106 141 104 1
1 141 139 138 141 139 138 1
1 104 138 142 104 138 142 1
1 143 107 109 143 107 109 1
1 144 109 112 144 109 112 1
1 145 115 117 145 115 117 1
1 146 117 118 146 117 118 1
1 147 118 119 147 118 119 1
1 148 149 150 148 149 150 1
1 122 149 148 122 149 148 1
1 151 152 126 151 152 126 1
1 128 153 151 128 153 151 1
1 154 130 131 154 130 131 1
1 154 129 130 154 129 130 1
1 154 131 133 154 131 133 1
1 137 155 135 137 155 135 1
1 156 157 100 156 157 100 1
1 156 158 157 156 158 157 1
1 140 158 156 140 158 156 1
1 107 159 141 107 159 141 1
1 143 160 161 143 160 161 1
1 143 144 160 143 144 160 1
1 162 145 146 162 145 146 1
1 163 147 164 163 147 164 1
1 152 165 166 152 165 166 1
1 167 129 168 167 129 168 1
1 169 133 134 169 133 134 1
1 155 170 134 155 170 134 1
1 171 170 137 171 170 137 1
1 172 173 158 172 173 158 1
1 159 174 175 159 174 175 1
1 157 171 137 157 171 137 1
1 127 129 167 127 129 167 1
1 151 176 152 151 176 152 1
1 126 152 125 126 152 125 1
1 125 166 124 125 166 124 1
1 149 177 150 149 177 150 1
1 178 179 160 178 179 160 1
1 178 160 180 178 160 180 1
1 181 180 182 181 180 182 1
1 181 182 183 181 182 183 1
1 184 183 145 184 183 145 1
1 162 146 147 162 146 147 1
1 149 185 177 149 185 177 1
1 186 187 149 186 187 149 1
1 188 187 186 188 187 186 1
1 165 187 188 165 187 188 1
1 189 167 168 189 167 168 1
1 190 189 169 190 189 169 1
1 7 169 170 7 169 170 1
1 7 190 169 7 190 169 1
1 171 7 170 171 7 170 1
1 191 192 173 191 192 173 1
1 161 193 174 161 193 174 1
1 174 193 191 174 193 191 1
1 179 161 160 179 161 160 1
1 194 179 178 194 179 178 1
1 16 178 181 16 178 181 1
1 13 181 184 13 181 184 1
1 195 184 162 195 184 162 1
1 195 162 163 195 162 163 1
1 187 14 185 187 14 185 1
1 165 11 187 165 11 187 1
1 196 11 165 196 11 165 1
1 197 196 176 197 196 176 1
1 196 197 190 196 197 190 1
1 8 190 7 8 190 7 1
1 6 7 171 6 7 171 1
1 192 6 171 192 6 171 1
1 0 2 192 0 2 192 1
1 194 0 193 194 0 193 1
1 194 193 179 194 193 179 1
1 2 1 3 2 1 3 1
1 3 1 4 3 1 4 1
1 10 5 4 10 5 4 1
1 8 9 196 8 9 196 1
1 5 10 9 5 10 9 1
1 196 9 11 196 9 11 1
1 4 12 10 4 12 10 1
1 14 11 12 14 11 12 1
1 12 4 15 12 4 15 1
1 14 13 195 14 13 195 1
1 198 15 4 198 15 4 1
1 12 15 13 12 15 13 1
1 1 198 4 1 198 4 1
1 15 198 16 15 198 16 1
1 35 47 43 35 47 43 1
1 35 43 38 35 43 38 1
1 194 16 198 194 16 198 1
1 106 104 20 106 104 20 1
1 23 25 21 23 25 21 1
1 20 22 106 20 22 106 1
1 19 23 17 19 23 17 1
1 26 21 25 26 21 25 1
1 19 24 23 19 24 23 1
1 111 26 27 111 26 27 1
1 24 27 25 24 27 25 1
1 30 111 27 30 111 27 1
1 28 29 24 28 29 24 1
1 29 31 27 29 31 27 1
1 36 30 31 36 30 31 1
1 34 33 29 34 33 29 1
1 36 116 30 36 116 30 1
1 40 36 37 40 36 37 1
1 37 31 33 37 31 33 1
1 41 40 37 41 40 37 1
1 38 33 35 38 33 35 1
1 52 56 53 52 56 53 1
1 52 53 50 52 53 50 1
1 45 41 42 45 41 42 1
1 44 39 41 44 39 41 1
1 42 37 38 42 37 38 1
1 46 42 43 46 42 43 1
1 50 46 43 50 46 43 1
1 49 45 46 49 45 46 1
1 52 43 48 52 43 48 1
1 54 51 53 54 51 53 1
1 53 49 50 53 49 50 1
1 48 199 57 48 199 57 1
1 48 57 56 48 57 56 1
1 56 52 48 56 52 48 1
1 55 53 57 55 53 57 1
1 59 55 57 59 55 57 1
1 55 62 123 55 62 123 1
1 55 123 54 55 123 54 1
1 199 64 60 199 64 60 1
1 199 60 59 199 60 59 1
1 62 55 59 62 55 59 1
1 59 57 199 59 57 199 1
1 63 62 58 63 62 58 1
1 58 60 70 58 60 70 1
1 58 70 66 58 70 66 1
1 68 70 74 68 70 74 1
1 68 74 72 68 74 72 1
1 67 63 66 67 63 66 1
1 65 70 60 65 70 60 1
1 70 68 66 70 68 66 1
1 69 74 70 69 74 70 1
1 77 82 84 77 82 84 1
1 77 84 200 77 84 200 1
1 71 67 68 71 67 68 1
1 76 71 72 76 71 72 1
1 74 77 72 74 77 72 1
1 73 84 82 73 84 82 1
1 80 77 200 80 77 200 1
1 80 200 78 80 200 78 1
1 78 200 91 78 200 91 1
1 78 91 87 78 91 87 1
1 80 79 81 80 79 81 1
1 77 80 76 77 80 76 1
1 73 82 74 73 82 74 1
1 91 90 87 91 90 87 1
1 84 85 91 84 85 91 1
1 84 91 200 84 91 200 1
1 101 103 17 101 103 17 1
1 101 17 20 101 17 20 1
1 85 84 83 85 84 83 1
1 92 89 91 92 89 91 1
1 92 85 86 92 85 86 1
1 89 95 90 89 95 90 1
1 96 94 89 96 94 89 1
1 96 92 93 96 92 93 1
1 96 98 94 96 98 94 1
1 94 99 95 94 99 95 1
1 98 102 99 98 102 99 1
1 98 96 97 98 96 97 1
1 101 142 102 101 142 102 1
1 103 98 97 103 98 97 1
1 101 104 142 101 104 142 1
1 17 103 18 17 103 18 1
1 150 121 51 150 121 51 1
1 150 51 148 150 51 148 1
1 109 107 105 109 107 105 1
1 108 105 22 108 105 22 1
1 112 109 108 112 109 108 1
1 113 112 110 113 112 110 1
1 110 108 26 110 108 26 1
1 115 113 114 115 113 114 1
1 114 110 111 114 110 111 1
1 116 114 30 116 114 30 1
1 118 117 36 118 117 36 1
1 119 118 39 119 118 39 1
1 39 118 40 39 118 40 1
1 120 119 44 120 119 44 1
1 150 120 121 150 120 121 1
1 119 120 164 119 120 164 1
1 119 164 147 119 164 147 1
1 51 121 45 51 121 45 1
1 122 148 51 122 148 51 1
1 54 124 122 54 124 122 1
1 123 125 124 123 125 124 1
1 62 126 125 62 126 125 1
1 128 126 63 128 126 63 1
1 132 130 71 132 130 71 1
1 131 130 132 131 130 132 1
1 81 132 76 81 132 76 1
1 88 135 134 88 135 134 1
1 79 134 133 79 134 133 1
1 78 88 79 78 88 79 1
1 90 136 135 90 136 135 1
1 95 136 90 95 136 90 1
1 99 156 100 99 156 100 1
1 99 140 156 99 140 156 1
1 102 138 140 102 138 140 1
1 142 138 102 142 138 102 1
1 106 107 141 106 107 141 1
1 104 141 138 104 141 138 1
1 144 143 109 144 143 109 1
1 146 145 117 146 145 117 1
1 147 146 118 147 146 118 1
1 172 140 139 172 140 139 1
1 172 139 175 172 139 175 1
1 150 164 120 150 164 120 1
1 128 151 126 128 151 126 1
1 135 155 134 135 155 134 1
1 100 157 137 100 157 137 1
1 136 100 137 136 100 137 1
1 140 172 158 140 172 158 1
1 154 133 169 154 133 169 1
1 154 169 168 154 169 168 1
1 139 159 175 139 159 175 1
1 143 159 107 143 159 107 1
1 141 159 139 141 159 139 1
1 159 143 161 159 143 161 1
1 180 160 144 180 160 144 1
1 198 1 0 198 1 0 1
1 198 0 194 198 0 194 1
1 182 180 144 182 180 144 1
1 145 183 115 145 183 115 1
1 177 163 164 177 163 164 1
1 166 165 188 166 165 188 1
1 153 201 176 153 201 176 1
1 153 176 151 153 176 151 1
1 153 167 201 153 167 201 1
1 186 122 124 186 122 124 1
1 186 124 188 186 124 188 1
1 170 169 134 170 169 134 1
1 137 170 155 137 170 155 1
1 172 191 173 172 191 173 1
1 175 191 172 175 191 172 1
1 175 174 191 175 174 191 1
1 159 161 174 159 161 174 1
1 158 173 157 158 173 157 1
1 157 173 171 157 173 171 1
1 129 154 168 129 154 168 1
1 128 127 167 128 127 167 1
1 128 167 153 128 167 153 1
1 125 152 166 125 152 166 1
1 124 166 188 124 166 188 1
1 122 186 149 122 186 149 1
1 164 150 177 164 150 177 1
1 182 113 183 182 113 183 1
1 113 115 183 113 115 183 1
1 144 112 182 144 112 182 1
1 112 113 182 112 113 182 1
1 184 181 183 184 181 183 1
1 162 184 145 162 184 145 1
1 163 162 147 163 162 147 1
1 177 185 163 177 185 163 1
1 149 187 185 149 187 185 1
1 152 176 165 152 176 165 1
1 189 197 201 189 197 201 1
1 189 201 167 189 201 167 1
1 169 189 168 169 189 168 1
1 173 192 171 173 192 171 1
1 179 193 161 179 193 161 1
1 16 194 178 16 194 178 1
1 181 178 180 181 178 180 1
1 13 16 181 13 16 181 1
1 195 13 184 195 13 184 1
1 163 185 195 163 185 195 1
1 185 14 195 185 14 195 1
1 187 11 14 187 11 14 1
1 176 196 165 176 196 165 1
1 201 197 176 201 197 176 1
1 190 197 189 190 197 189 1
1 8 196 190 8 196 190 1
1 192 2 6 192 2 6 1
1 191 193 192 191 193 192 1
1 193 0 192 193 0 192 1
"bottom" 1 1
42
1 -13.197741 -67.812126 -55.971115 0.630574 0.528401 -1
1 84.295654 -64.052826 -59.826813 0.625544 0.357543 -1
1 -3.212541 -75.860329 20.690788 0.496303 0.514984 -1
1 34.423061 -62.968124 -77.922012 0.664340 0.441436 -1
1 148.397446 -56.529922 -48.257416 0.602161 0.248986 -1
1 143.862381 -61.716522 -21.861511 0.558116 0.258594 -1
1 113.534264 -63.342823 -43.802917 0.597124 0.308132 -1
1 177.984055 -56.073719 -9.929710 0.534563 0.200447 -1
1 166.139069 -62.793026 29.626890 0.465931 0.222608 -1
1 107.370949 -66.851326 -11.889711 0.543162 0.320909 -1
1 205.638275 -54.811325 106.210091 0.333495 0.164513 -1
1 177.350952 -61.888424 87.073090 0.369722 0.213480 -1
1 217.255569 -55.230923 67.556290 0.395916 0.146392 -1
1 113.741257 -55.107719 101.885094 0.341747 0.320872 -1
1 146.423157 -61.884720 96.254990 0.353157 0.264636 -1
1 178.159561 -54.597820 111.964394 0.323696 0.211280 -1
1 89.574753 -62.388523 88.188789 0.367442 0.361814 -1
1 37.680458 -64.624031 91.839684 0.365471 0.454230 -1
1 48.434662 -57.764721 106.328094 0.341225 0.432300 -1
1 -11.994942 -62.996521 114.204193 0.333607 0.536492 -1
1 -13.270237 -68.598526 98.958687 0.361012 0.539590 -1
1 -100.433136 -78.244629 126.935089 0.325791 0.691475 -1
1 -67.829041 -78.785423 105.480385 0.353329 0.631146 -1
1 -95.316345 -82.028427 105.974297 0.357719 0.681723 -1
1 -154.800140 -79.882523 107.525291 0.363191 0.781039 -1
1 -130.859848 -82.185432 89.634186 0.393905 0.741575 -1
1 -138.997238 -75.467827 28.588589 0.498154 0.742984 -1
1 -162.212341 -77.582321 61.095688 0.443013 0.791480 -1
1 -181.500549 -73.894325 35.805988 0.486160 0.822420 -1
1 -198.638138 -72.832230 58.929390 0.449548 0.852800 -1
1 -210.337448 -68.572929 19.011589 0.518508 0.868187 -1
1 -179.123627 -70.768028 0.148389 0.546772 0.815906 -1
1 -151.418350 -70.297523 -21.386013 0.585062 0.763477 -1
1 -161.560333 -62.095524 -55.373810 0.642870 0.780166 -1
1 -192.372559 -64.679428 -26.655411 0.594570 0.833730 -1
1 -119.270348 -59.453323 -79.672714 0.679138 0.704761 -1
1 -124.758934 -67.079826 -49.781410 0.630392 0.717025 -1
1 -42.725239 -57.348019 -99.454216 0.706026 0.572136 -1
1 -72.038445 -64.042419 -74.069710 0.666983 0.625258 -1
1 -20.835342 -63.325020 -80.872017 0.674002 0.536030 -1
1 104.258751 -56.742222 -79.534409 0.658644 0.322304 -1
1 35.311058 -56.855518 -97.153015 0.696460 0.438496 -1
42
0.005196 -0.989751 -0.142710
0.071775 -0.981679 -0.176507
0.051192 -0.998604 0.013047
0.035016 -0.966778 -0.253207
0.263223 -0.932196 -0.248444
0.163398 -0.979697 -0.116166
0.132748 -0.978822 -0.155835
0.298998 -0.938504 -0.172656
0.141561 -0.988616 -0.050985
0.088987 -0.993556 -0.070202
0.187987 -0.933419 0.305598
0.108579 -0.990493 0.084459
0.295400 -0.954414 -0.042802
-0.049522 -0.681500 0.730140
-0.001368 -0.939305 0.343081
-0.009949 -0.798180 0.602337
0.017303 -0.939612 0.341804
0.083620 -0.966225 0.243757
0.108784 -0.814995 0.569165
0.181238 -0.824294 0.536369
0.159628 -0.951357 0.263514
0.122328 -0.881773 0.455534
0.162162 -0.969929 0.181495
0.039561 -0.994765 0.094217
-0.156943 -0.975124 0.156530
-0.037867 -0.998453 -0.040709
-0.038352 -0.994329 -0.099196
-0.095935 -0.993414 -0.062647
-0.101194 -0.991641 -0.080055
-0.209951 -0.977711 0.000918
-0.247354 -0.964784 -0.089490
-0.100352 -0.987985 -0.117541
-0.057852 -0.988145 -0.142203
-0.149941 -0.943215 -0.296418
-0.206418 -0.951274 -0.229062
-0.124711 -0.917686 -0.377226
-0.056690 -0.977829 -0.201587
-0.027666 -0.912084 -0.409070
-0.033360 -0.970928 -0.237034
0.001662 -0.970084 -0.242766
0.185670 -0.913640 -0.361648
0.067737 -0.914395 -0.399115
64
1 0 1 2 0 1 2 1
1 3 1 0 3 1 0 1
1 4 5 6 4 5 6 1
1 7 8 5 7 8 5 1
1 5 8 9 5 8 9 1
1 10 11 12 10 11 12 1
1 12 11 8 12 11 8 1
1 13 14 15 13 14 15 1
1 11 14 2 11 14 2 1
1 15 14 10 15 14 10 1
1 14 16 2 14 16 2 1
1 16 17 2 16 17 2 1
1 18 16 13 18 16 13 1
1 19 20 18 19 20 18 1
1 17 20 2 17 20 2 1
1 20 19 21 20 19 21 1
1 20 22 2 20 22 2 1
1 21 22 20 21 22 20 1
1 23 21 24 23 21 24 1
1 22 23 2 22 23 2 1
1 21 23 22 21 23 22 1
1 23 25 2 23 25 2 1
1 24 25 23 24 25 23 1
1 25 26 2 25 26 2 1
1 27 26 25 27 26 25 1
1 27 28 26 27 28 26 1
1 29 28 27 29 28 27 1
1 30 31 28 30 31 28 1
1 26 32 2 26 32 2 1
1 33 32 34 33 32 34 1
1 35 36 33 35 36 33 1
1 37 38 35 37 38 35 1
1 38 39 0 38 39 0 1
1 9 2 1 9 2 1 1
1 9 1 6 9 1 6 1
1 6 1 40 6 1 40 1
1 6 40 4 6 40 4 1
1 27 25 24 27 25 24 1
1 27 24 29 27 24 29 1
1 6 5 9 6 5 9 1
1 4 7 5 4 7 5 1
1 9 8 2 9 8 2 1
1 7 12 8 7 12 8 1
1 8 11 2 8 11 2 1
1 10 14 11 10 14 11 1
1 13 16 14 13 16 14 1
1 18 17 16 18 17 16 1
1 18 20 17 18 20 17 1
1 0 2 32 0 2 32 1
1 0 32 36 0 32 36 1
1 29 30 28 29 30 28 1
1 28 31 26 28 31 26 1
1 26 31 32 26 31 32 1
1 34 32 31 34 32 31 1
1 30 34 31 30 34 31 1
1 33 36 32 33 36 32 1
1 36 38 0 36 38 0 1
1 35 38 36 35 38 36 1
1 1 3 41 1 3 41 1
1 1 41 40 1 41 40 1
1 3 39 37 3 39 37 1
1 3 37 41 3 37 41 1
1 39 3 0 39 3 0 1
1 37 39 38 37 39 38 1

Materials: 2
"Material.002"
0.088496 0.088496 0.088496 1.000000
0.800000 0.800000 0.800000 1.000000
0.417404 0.417404 0.417404 1.000000
0.000000 0.000000 0.000000 1.000000
0.185600
1.000000
"snowtextopHole_b.png"
""
"bottom"
1.000000 1.000000 1.000000 1.000000
0.800000 0.003353 0.032126 1.000000
0.500000 0.500000 0.500000 1.000000
0.000000 0.000000 0.000000 1.000000
0.185600
1.000000
"snowtexbottom_b.png"
""

Bones: 0
GroupComments: 0
MaterialComments: 0
BoneComments: 0
ModelComment: 0
