// MilkShape 3D ASCII

Frames: 30
Frame: 1

Meshes: 3
"default" 1 0
42
1 -20.533255 -79.734734 -51.225754 0.630574 0.528401 -1
1 76.960144 -75.975433 -55.081448 0.625544 0.357543 -1
1 -10.548057 -87.782928 25.436150 0.496303 0.514984 -1
1 27.087545 -74.890732 -73.176659 0.664340 0.441436 -1
1 141.061935 -68.452530 -43.512051 0.602161 0.248986 -1
1 136.526855 -73.639130 -17.116152 0.558116 0.258594 -1
1 106.198738 -75.265434 -39.057552 0.597124 0.308132 -1
1 170.648544 -67.996330 -5.184350 0.534563 0.200447 -1
1 158.803543 -74.715630 34.372250 0.465931 0.222608 -1
1 100.035439 -78.773926 -7.144350 0.543162 0.320909 -1
1 198.302750 -66.733932 110.955452 0.333495 0.164513 -1
1 170.015442 -73.811028 91.818451 0.369722 0.213480 -1
1 209.920059 -67.153534 72.301651 0.395916 0.146392 -1
1 106.405746 -67.030327 106.630447 0.341747 0.320872 -1
1 139.087646 -73.807327 101.000343 0.353157 0.264636 -1
1 170.824036 -66.520432 116.709747 0.323696 0.211280 -1
1 82.239243 -74.311134 92.934143 0.367442 0.361814 -1
1 30.344946 -76.546631 96.585045 0.365471 0.454230 -1
1 41.099148 -69.687332 111.073448 0.341225 0.432300 -1
1 -19.330458 -74.919128 118.949547 0.333607 0.536492 -1
1 -20.605751 -80.521133 103.704048 0.361012 0.539590 -1
1 -107.768661 -90.167229 131.680435 0.325791 0.691475 -1
1 -75.164558 -90.708031 110.225746 0.353329 0.631146 -1
1 -102.651863 -93.951027 110.719643 0.357719 0.681723 -1
1 -162.135651 -91.805130 112.270645 0.363191 0.781039 -1
1 -138.195358 -94.108032 94.379547 0.393905 0.741575 -1
1 -146.332748 -87.390427 33.333950 0.498154 0.742984 -1
1 -169.547852 -89.504929 65.841042 0.443013 0.791480 -1
1 -188.836060 -85.816933 40.551350 0.486160 0.822420 -1
1 -205.973648 -84.754829 63.674751 0.449548 0.852800 -1
1 -217.672943 -80.495529 23.756948 0.518508 0.868187 -1
1 -186.459137 -82.690636 4.893750 0.546772 0.815906 -1
1 -158.753860 -82.220131 -16.640652 0.585062 0.763477 -1
1 -168.895844 -74.018135 -50.628445 0.642870 0.780166 -1
1 -199.708069 -76.602028 -21.910051 0.594570 0.833730 -1
1 -126.605858 -71.375931 -74.927353 0.679138 0.704761 -1
1 -132.094452 -79.002426 -45.036045 0.630392 0.717025 -1
1 -50.060753 -69.270630 -94.708862 0.706026 0.572136 -1
1 -79.373962 -75.965027 -69.324348 0.666983 0.625258 -1
1 -28.170856 -75.247627 -76.126656 0.674002 0.536030 -1
1 96.923241 -68.664833 -74.789047 0.658644 0.322304 -1
1 27.975548 -68.778130 -92.407654 0.696460 0.438496 -1
42
0.005196 -0.989751 -0.142710
0.071775 -0.981679 -0.176507
0.051192 -0.998604 0.013047
0.035016 -0.966778 -0.253207
0.263223 -0.932196 -0.248444
0.163398 -0.979697 -0.116166
0.132748 -0.978822 -0.155835
0.298999 -0.938504 -0.172657
0.141561 -0.988616 -0.050985
0.088987 -0.993556 -0.070201
0.187987 -0.933419 0.305598
0.108579 -0.990493 0.084459
0.295400 -0.954414 -0.042802
-0.049522 -0.681500 0.730141
-0.001368 -0.939305 0.343081
-0.009949 -0.798180 0.602337
0.017303 -0.939612 0.341804
0.083620 -0.966225 0.243757
0.108784 -0.814995 0.569166
0.181238 -0.824294 0.536369
0.159628 -0.951356 0.263514
0.122328 -0.881773 0.455534
0.162162 -0.969929 0.181495
0.039561 -0.994765 0.094217
-0.156943 -0.975124 0.156530
-0.037867 -0.998453 -0.040710
-0.038352 -0.994329 -0.099196
-0.095935 -0.993414 -0.062647
-0.101195 -0.991641 -0.080055
-0.209951 -0.977711 0.000918
-0.247354 -0.964784 -0.089490
-0.100352 -0.987985 -0.117541
-0.057852 -0.988145 -0.142203
-0.149941 -0.943215 -0.296418
-0.206418 -0.951274 -0.229062
-0.124711 -0.917686 -0.377226
-0.056690 -0.977829 -0.201586
-0.027666 -0.912084 -0.409070
-0.033360 -0.970928 -0.237034
0.001662 -0.970084 -0.242766
0.185670 -0.913640 -0.361648
0.067737 -0.914395 -0.399115
64
1 0 1 2 0 1 2 1
1 3 1 0 3 1 0 1
1 4 5 6 4 5 6 1
1 7 8 5 7 8 5 1
1 5 8 9 5 8 9 1
1 10 11 12 10 11 12 1
1 12 11 8 12 11 8 1
1 13 14 15 13 14 15 1
1 11 14 2 11 14 2 1
1 15 14 10 15 14 10 1
1 14 16 2 14 16 2 1
1 16 17 2 16 17 2 1
1 18 16 13 18 16 13 1
1 19 20 18 19 20 18 1
1 17 20 2 17 20 2 1
1 20 19 21 20 19 21 1
1 20 22 2 20 22 2 1
1 21 22 20 21 22 20 1
1 23 21 24 23 21 24 1
1 22 23 2 22 23 2 1
1 21 23 22 21 23 22 1
1 23 25 2 23 25 2 1
1 24 25 23 24 25 23 1
1 25 26 2 25 26 2 1
1 27 26 25 27 26 25 1
1 27 28 26 27 28 26 1
1 29 28 27 29 28 27 1
1 30 31 28 30 31 28 1
1 26 32 2 26 32 2 1
1 33 32 34 33 32 34 1
1 35 36 33 35 36 33 1
1 37 38 35 37 38 35 1
1 38 39 0 38 39 0 1
1 9 2 1 9 2 1 1
1 9 1 6 9 1 6 1
1 6 1 40 6 1 40 1
1 6 40 4 6 40 4 1
1 27 25 24 27 25 24 1
1 27 24 29 27 24 29 1
1 6 5 9 6 5 9 1
1 4 7 5 4 7 5 1
1 9 8 2 9 8 2 1
1 7 12 8 7 12 8 1
1 8 11 2 8 11 2 1
1 10 14 11 10 14 11 1
1 13 16 14 13 16 14 1
1 18 17 16 18 17 16 1
1 18 20 17 18 20 17 1
1 0 2 32 0 2 32 1
1 0 32 36 0 32 36 1
1 29 30 28 29 30 28 1
1 28 31 26 28 31 26 1
1 26 31 32 26 31 32 1
1 34 32 31 34 32 31 1
1 30 34 31 30 34 31 1
1 33 36 32 33 36 32 1
1 36 38 0 36 38 0 1
1 35 38 36 35 38 36 1
1 1 3 41 1 3 41 1
1 1 41 40 1 41 40 1
1 3 39 37 3 39 37 1
1 3 37 41 3 37 41 1
1 39 3 0 39 3 0 1
1 37 39 38 37 39 38 1
"insidekamat" 1 2
70
1 0.379746 68.550667 29.307949 0.171134 0.619950 -1
1 -6.494955 66.324669 -71.574951 0.532244 0.628246 -1
1 6.016945 81.602470 -63.466747 0.500708 0.558836 -1
1 10.397545 81.929169 17.884850 0.209755 0.558833 -1
1 9.446745 80.656471 19.013750 0.205930 0.564647 -1
1 -7.520855 25.699375 -89.851852 0.596473 0.779738 -1
1 -0.803254 31.034172 54.128448 0.076866 0.761772 -1
1 -0.504256 29.425272 55.120949 0.071402 0.770785 -1
1 -5.452255 9.324772 -98.360359 0.627348 0.839383 -1
1 8.836146 2.656772 72.496750 0.006700 0.875382 -1
1 -2.059356 -3.346528 -104.454552 0.649319 0.886962 -1
1 -3.993956 3.838472 -101.147652 0.637401 0.859974 -1
1 0.589546 26.249174 56.981651 0.064566 0.782874 -1
1 1.821145 22.658173 59.015148 0.057090 0.796540 -1
1 2.485245 20.708672 60.055851 0.052118 0.806268 -1
1 -8.253554 29.850874 -87.711861 0.588867 0.764491 -1
1 -0.914056 31.501072 53.845146 0.082216 0.752883 -1
1 61.659645 52.578876 23.049747 0.183950 0.320399 -1
1 55.256844 51.007374 -67.736351 0.508890 0.329829 -1
1 58.058548 45.926075 -68.982956 0.513542 0.309151 -1
1 62.698746 50.937973 24.317650 0.179475 0.313431 -1
1 9.046045 82.623466 -62.430855 0.496437 0.546965 -1
1 15.260745 83.628471 15.365649 0.217812 0.538876 -1
1 12.524045 83.658066 16.116350 0.215628 0.548774 -1
1 7.371344 82.631668 -62.701855 0.497706 0.552891 -1
1 60.589649 53.893074 22.057449 0.187498 0.326449 -1
1 58.241844 56.787472 19.975048 0.194944 0.339755 -1
1 57.083149 58.235271 19.121550 0.197995 0.346376 -1
1 57.062542 58.261570 19.111149 0.198362 0.351797 -1
1 44.073944 66.261070 -64.457954 0.498272 0.397556 -1
1 45.405449 64.414772 -65.118553 0.500502 0.389390 -1
1 46.786648 62.504372 -65.761353 0.502664 0.380935 -1
1 52.203644 63.592770 17.209049 0.205713 0.377404 -1
1 41.167744 75.592766 11.524450 0.227279 0.435170 -1
1 35.904846 81.391266 9.765650 0.234164 0.462994 -1
1 31.563145 80.748268 -59.809956 0.483112 0.466249 -1
1 60.272850 11.457772 57.502155 0.067681 0.134554 -1
1 53.826748 11.300173 -87.242256 0.584774 0.153379 -1
1 50.022644 10.081872 -88.856354 0.591648 0.139614 -1
1 27.431847 2.837372 -97.724556 0.629911 0.057655 -1
1 11.702344 -2.229728 -102.187553 0.650462 0.000081 -1
1 40.357246 4.858771 65.503052 0.045111 0.057605 -1
1 55.237644 9.791272 59.384647 0.062474 0.115141 -1
1 -7.892056 54.376575 -77.046547 0.551564 0.675336 -1
1 -1.054455 34.897171 51.654747 0.090199 0.740830 -1
1 -8.211155 31.994972 -86.571655 0.584909 0.755656 -1
1 -8.101756 40.211273 -83.223953 0.573201 0.726175 -1
1 40.357246 4.858771 65.503052 0.020782 0.999919 -1
1 11.702344 -2.229728 -102.187553 0.636618 0.946162 -1
1 -1.628155 -4.250129 -104.846954 0.650462 0.898227 -1
1 10.043845 0.508871 73.876640 0.000081 0.886529 -1
1 18.302746 1.686172 71.137146 0.007378 0.917562 -1
1 65.599739 15.275872 53.795650 0.079167 0.158867 -1
1 63.896847 18.121872 -81.000160 0.559344 0.195058 -1
1 30.432146 81.477066 -59.617050 0.482588 0.471075 -1
1 34.201748 82.471474 9.706250 0.234625 0.470184 -1
1 22.123846 83.216171 13.711848 0.222488 0.514059 -1
1 75.258141 26.073071 43.841751 0.111112 0.212903 -1
1 68.992943 23.449472 -75.633957 0.538423 0.220014 -1
1 64.801842 19.075071 -80.252960 0.556361 0.199559 -1
1 -7.057456 62.968971 -73.260353 0.538155 0.644418 -1
1 -6.782354 65.696472 -71.898560 0.533325 0.634598 -1
1 -0.180454 67.087769 30.412649 0.166863 0.626187 -1
1 -0.492153 55.537571 38.064751 0.139247 0.667321 -1
1 31.051245 81.076172 -59.764252 0.483023 0.468425 -1
1 60.601341 41.573174 -69.993950 0.517295 0.291177 -1
1 63.621746 36.433174 -70.971046 0.520952 0.269914 -1
1 64.553749 48.154469 26.459351 0.171897 0.301440 -1
1 6.467646 81.947472 -63.276253 0.499938 0.556842 -1
1 65.898239 31.002872 -72.436859 0.526527 0.248974 -1
68
0.600451 -0.702504 -0.382029
0.880157 -0.472083 -0.049618
0.713922 -0.360665 -0.600197
0.598546 -0.779778 -0.183547
0.359689 -0.755026 -0.548233
0.790930 0.366869 -0.489731
0.827863 0.413481 0.379046
0.741619 0.446584 0.500563
0.764780 0.417950 -0.490337
0.484984 0.649148 0.586001
0.716260 0.503796 -0.482867
0.536918 0.483496 -0.691340
-0.638951 0.207186 0.740821
-0.618851 0.205491 0.758153
-0.124198 0.501187 0.856380
0.675446 0.428543 -0.600103
0.996009 0.072177 -0.052503
-0.647009 -0.692095 -0.319973
-0.807043 -0.586657 0.067200
-0.868676 -0.428432 -0.248692
-0.710267 -0.658674 -0.248335
-0.078728 -0.916892 0.391295
-0.129799 -0.926001 -0.354507
0.034986 -0.922518 -0.384364
0.429094 -0.903110 -0.016434
-0.443847 -0.857912 0.258819
-0.617116 0.016984 0.786689
-0.793137 -0.333203 0.509813
-0.725040 -0.665565 -0.177034
-0.731703 -0.656674 0.182730
-0.792027 -0.606140 0.072718
-0.171151 0.200787 -0.964568
-0.511484 -0.064283 0.856885
-0.485900 -0.109308 0.867152
-0.565534 -0.448953 0.691818
-0.515347 -0.746806 0.420354
-0.251466 0.921290 0.296630
-0.254408 0.875925 -0.409916
-0.002857 0.786086 -0.618111
-0.166684 0.927928 -0.333415
-0.344640 0.700940 0.624425
0.022693 0.830527 0.556516
0.232842 0.376413 0.896715
0.823367 0.198008 -0.531845
0.890909 -0.257405 -0.374196
0.075178 0.421774 -0.903579
0.482126 0.334672 -0.809660
0.237407 0.970530 -0.041351
0.640996 0.636199 0.429389
0.259018 0.149897 0.954170
-0.401508 0.836483 0.372944
-0.494466 0.799490 -0.341056
-0.185486 -0.923520 0.335717
-0.426454 -0.903787 0.036147
-0.055795 -0.998292 0.017337
-0.927097 0.372635 0.040438
-0.774878 0.462605 -0.430767
0.066062 0.657501 -0.750552
0.711546 0.224298 -0.665877
0.797145 -0.398818 0.453326
0.895510 -0.360997 -0.260274
-0.152787 -0.559736 -0.814464
-0.536254 -0.843051 0.041177
-0.820432 -0.380064 -0.427134
-0.822065 -0.495606 0.280328
-0.754951 -0.602074 -0.259915
0.596238 -0.257795 -0.760291
-0.576880 0.042094 -0.815744
68
1 0 1 2 0 1 2 1
1 0 2 3 0 2 3 1
1 0 3 4 0 3 4 1
1 5 6 7 5 6 7 1
1 5 7 8 5 7 8 1
1 9 10 11 9 10 11 1
1 9 11 8 9 11 8 1
1 9 8 7 9 8 7 1
1 9 7 12 9 7 12 1
1 9 12 13 9 12 13 1
1 9 13 14 9 13 14 1
1 15 16 6 15 16 6 1
1 15 6 5 15 6 5 1
1 17 18 19 17 18 19 1
1 17 19 20 17 19 20 1
1 21 22 23 21 22 23 1
1 21 23 24 21 23 24 1
1 18 17 25 18 17 25 1
1 18 25 26 18 25 26 1
1 18 26 27 18 26 27 1
1 18 27 28 18 27 28 1
1 18 28 29 18 28 29 1
1 18 29 30 18 29 30 1
1 18 30 31 18 30 31 1
1 29 28 32 29 28 32 1
1 29 32 33 29 32 33 1
1 29 33 34 29 33 34 1
1 29 34 35 29 34 35 1
1 36 37 38 36 37 38 1
1 36 38 39 36 38 39 1
1 36 39 40 36 39 40 1
1 36 40 41 36 40 41 1
1 36 41 42 36 41 42 1
1 43 44 16 43 44 16 1
1 43 16 15 43 16 15 1
1 43 15 45 43 15 45 1
1 43 45 46 43 45 46 1
1 47 48 49 41 40 47 1
1 47 49 50 41 47 48 1
1 47 50 51 41 48 49 1
1 37 36 52 37 36 50 1
1 37 52 53 37 50 51 1
1 54 55 56 52 53 54 1
1 54 56 22 52 54 22 1
1 54 22 21 52 22 21 1
1 53 52 57 51 50 55 1
1 53 57 58 51 55 56 1
1 53 58 59 51 56 57 1
1 44 43 60 44 43 58 1
1 44 60 61 44 58 59 1
1 44 61 62 44 59 60 1
1 44 62 63 44 60 61 1
1 55 54 64 53 52 62 1
1 55 64 35 53 62 35 1
1 55 35 34 53 35 34 1
1 50 49 10 48 47 10 1
1 50 10 9 48 10 9 1
1 1 0 62 1 0 60 1
1 1 62 61 1 60 59 1
1 20 19 65 20 19 63 1
1 20 65 66 20 63 64 1
1 20 66 67 20 64 65 1
1 3 2 68 3 2 66 1
1 3 68 24 3 66 24 1
1 3 24 23 3 24 23 1
1 67 66 69 65 64 67 1
1 67 69 58 65 67 56 1
1 67 58 57 65 56 55 1
"holeTop" 1 1
265
1 23.337246 107.959267 -41.778450 0.537432 0.425851 -1
1 20.861746 114.641563 -31.267149 0.532123 0.440439 -1
1 34.291145 110.126060 -34.323250 0.546145 0.436617 -1
1 38.778446 111.730255 -23.677549 0.547831 0.450849 -1
1 14.685046 117.329666 -23.364452 0.526393 0.446760 -1
1 27.079546 114.199165 -18.033451 0.536821 0.454661 -1
1 51.687546 105.479866 -27.167751 0.563194 0.446651 -1
1 60.464146 99.829765 -20.148952 0.573484 0.458268 -1
1 36.700645 109.757355 -13.535550 0.546713 0.462524 -1
1 11.691745 112.815865 -7.695150 0.523802 0.465738 -1
1 11.986144 117.084366 -19.408552 0.521964 0.454528 -1
1 -1.848955 113.984360 -8.006549 0.509305 0.465367 -1
1 -11.295754 116.490356 -19.539652 0.502769 0.449886 -1
1 -23.130354 112.504562 -28.771950 0.492353 0.436472 -1
1 -19.738855 113.333771 -12.816251 0.493388 0.456279 -1
1 -7.424454 116.623062 -27.307953 0.506547 0.441566 -1
1 -9.358356 111.176460 -38.811348 0.505548 0.426251 -1
1 6.780346 -62.112431 -105.320152 0.557901 0.046008 -1
1 27.975548 -68.778130 -92.407654 0.620390 0.025143 -1
1 -50.060753 -69.270630 -94.708862 0.412259 0.011012 -1
1 -2.591355 -52.409729 -113.242760 0.532950 0.082523 -1
1 -47.689953 -51.978931 -113.183853 0.434116 0.088765 -1
1 -54.800152 -37.475727 -113.622452 0.421976 0.127012 -1
1 -53.212452 -62.614925 -105.139160 0.412286 0.050737 -1
1 -130.120865 -64.832535 -85.923256 0.234843 0.134569 -1
1 -76.929558 -55.395630 -107.234558 0.363986 0.090401 -1
1 -108.636261 -45.950027 -102.301155 0.312212 0.149299 -1
1 -142.367844 -57.601025 -87.645760 0.227849 0.173438 -1
1 -126.605858 -71.375931 -74.927353 0.214409 0.102369 -1
1 -193.086853 -68.831734 -48.644749 0.115568 0.276108 -1
1 -187.841660 -51.649429 -63.426250 0.163429 0.275122 -1
1 -202.820251 -61.823925 -48.416851 0.123995 0.303619 -1
1 -168.895844 -74.018135 -50.628445 0.115747 0.204584 -1
1 -227.248947 -72.751129 -2.292851 0.066855 0.403200 -1
1 -199.708069 -76.602028 -21.910051 0.059453 0.315821 -1
1 -217.672943 -80.495529 23.756948 0.026258 0.453730 -1
1 -219.669144 -53.788330 -29.165352 0.114655 0.361531 -1
1 -234.452652 -66.135429 -0.842650 0.080137 0.415309 -1
1 -231.218552 -76.167831 34.813049 0.052638 0.483232 -1
1 -224.949738 -44.576126 -0.726851 0.117641 0.427410 -1
1 -231.613129 -56.347630 -5.738449 0.096394 0.410194 -1
1 -236.878540 -60.903130 23.804848 0.080807 0.463648 -1
1 -236.731735 -69.584328 34.620750 0.066394 0.482481 -1
1 -220.747040 -79.665634 64.307045 0.048248 0.554240 -1
1 -227.421951 -47.910229 22.600948 0.106274 0.469976 -1
1 -229.440445 -63.002029 52.414852 0.076859 0.519334 -1
1 -226.200439 -73.091530 63.617252 0.061791 0.545418 -1
1 -205.973648 -84.754829 63.674751 0.019787 0.574004 -1
1 -162.135651 -91.805130 112.270645 0.068181 0.767402 -1
1 -201.975647 -70.377029 92.703339 0.083081 0.629244 -1
1 -192.965256 -79.260231 104.179047 0.074908 0.670526 -1
1 -195.417358 -59.311531 88.033447 0.108829 0.619433 -1
1 -188.583542 -85.489334 102.814651 0.062338 0.683350 -1
1 -163.640442 -80.049728 127.116737 0.111805 0.753556 -1
1 -154.344452 -61.450329 118.042847 0.153481 0.729199 -1
1 -129.517258 -77.275627 137.679047 0.163089 0.815635 -1
1 -161.681152 -87.578232 124.326744 0.096897 0.766632 -1
1 -127.471054 -86.686630 136.650345 0.152325 0.840502 -1
1 7.888245 -59.708424 120.528854 0.484012 0.917857 -1
1 -99.295563 -80.515434 138.411346 0.216470 0.874730 -1
1 -0.005955 -66.892029 121.433548 0.461912 0.939485 -1
1 -40.522854 -47.654129 118.531548 0.389640 0.847547 -1
1 -94.938057 -63.934925 133.111938 0.253180 0.832020 -1
1 40.621944 -46.489727 110.278549 0.551190 0.846984 -1
1 -19.330458 -74.919128 118.949547 0.409971 0.964784 -1
1 41.099148 -69.687332 111.073448 0.571678 0.959541 -1
1 88.307938 -52.560825 109.983650 0.681246 0.876010 -1
1 98.358437 -27.620628 91.499840 0.701522 0.796194 -1
1 119.095535 -50.884430 110.092041 0.764287 0.850495 -1
1 106.405746 -67.030327 106.630447 0.744014 0.917350 -1
1 105.155640 -60.617729 109.565041 0.735822 0.893089 -1
1 176.846039 -38.576027 115.735039 0.863697 0.752478 -1
1 190.249146 -51.582329 123.375938 0.896655 0.752500 -1
1 198.302750 -66.733932 110.955452 0.937367 0.753187 -1
1 188.360443 -59.460827 123.197449 0.905239 0.764956 -1
1 170.824036 -66.520432 116.709747 0.899000 0.815576 -1
1 202.497849 -40.393330 116.495049 0.894943 0.722744 -1
1 218.594650 -52.140930 116.779747 0.916135 0.714041 -1
1 228.802444 -43.134926 83.364746 0.915568 0.664518 -1
1 213.488846 -27.390327 83.916245 0.888802 0.663833 -1
1 219.133041 -43.350227 110.135147 0.909195 0.703027 -1
1 204.309753 -26.192226 96.779648 0.877712 0.686284 -1
1 214.228943 -59.976425 115.031555 0.923917 0.721640 -1
1 209.920059 -67.153534 72.301651 0.975750 0.656810 -1
1 225.705460 -60.341827 87.692642 0.939747 0.678876 -1
1 214.634537 -60.710327 48.852951 0.953926 0.595434 -1
1 170.648544 -67.996330 -5.184350 0.952427 0.391469 -1
1 214.560440 -40.358727 39.570152 0.909318 0.581539 -1
1 210.562164 -25.326628 54.110554 0.884882 0.606976 -1
1 177.891953 -53.452728 -27.686752 0.889216 0.382806 -1
1 191.170059 -41.263329 -5.544052 0.882897 0.467910 -1
1 216.499268 -52.756527 39.774551 0.932302 0.575234 -1
1 181.175949 -61.147728 -13.017350 0.920382 0.406529 -1
1 141.061935 -68.452530 -43.512051 0.889679 0.258067 -1
1 148.991440 -54.173229 -60.382053 0.839434 0.285565 -1
1 168.799850 -44.651829 -41.130352 0.855237 0.360996 -1
1 149.433945 -61.974926 -52.413353 0.863065 0.282534 -1
1 96.923241 -68.664833 -74.789047 0.790834 0.131914 -1
1 119.138344 -58.606426 -80.058960 0.792538 0.204808 -1
1 136.082748 -44.352627 -72.905647 0.800549 0.268177 -1
1 152.693756 -29.974228 -52.383049 0.807463 0.337115 -1
1 78.738045 -54.800125 -98.928261 0.708981 0.143889 -1
1 108.364838 -43.234928 -90.364250 0.751796 0.215242 -1
1 73.589348 -62.154724 -94.220650 0.712971 0.114497 -1
1 34.092243 -42.176628 -110.669456 0.603678 0.126577 -1
1 -43.715553 -20.380228 -111.230759 0.447103 0.161660 -1
1 -4.946954 -29.027229 -114.002159 0.522186 0.138669 -1
1 -10.099856 -3.170928 -105.370155 0.511472 0.200340 -1
1 -86.530060 -25.895327 -105.524460 0.364157 0.171983 -1
1 -52.363361 -3.595728 -103.479256 0.435159 0.205679 -1
1 -121.758057 -27.417627 -94.442055 0.297908 0.205754 -1
1 -145.411362 -47.462826 -88.350555 0.241680 0.197451 -1
1 -91.396858 -5.142828 -94.551758 0.365043 0.227408 -1
1 -119.914558 -7.181129 -83.969559 0.314024 0.256795 -1
1 -154.910049 -32.070629 -79.359650 0.236028 0.246407 -1
1 -152.104141 -12.236428 -66.735649 0.256097 0.293976 -1
1 -189.079651 -40.358028 -58.127556 0.172655 0.298281 -1
1 -193.172470 -32.572826 -46.886051 0.175948 0.329120 -1
1 -211.356140 -37.319027 -23.051849 0.144535 0.376847 -1
1 -190.826950 -16.808527 -1.037650 0.185823 0.433370 -1
1 -190.445770 -19.743628 20.007849 0.176451 0.475554 -1
1 -213.394226 -45.407528 46.766552 0.114961 0.521057 -1
1 -143.990158 -28.577927 83.044350 0.215900 0.644857 -1
1 -121.427765 -60.654030 127.747849 0.202158 0.785861 -1
1 -114.109962 -25.515228 93.495941 0.261923 0.692195 -1
1 -90.056068 -21.253227 95.099747 0.309863 0.716846 -1
1 -43.623856 -15.967127 92.730156 0.398400 0.749525 -1
1 54.030849 -0.153829 67.802048 0.595331 0.710418 -1
1 8.914145 -11.266628 83.164047 0.505332 0.749002 -1
1 85.213837 32.701473 37.337849 0.641622 0.602657 -1
1 122.450035 2.851972 66.266045 0.720795 0.669897 -1
1 147.131744 9.949572 55.328449 0.760434 0.623174 -1
1 176.282059 -22.766129 99.677849 0.841535 0.708945 -1
1 144.233856 26.091272 25.570549 0.740957 0.553383 -1
1 136.587646 36.228672 9.729850 0.718564 0.514795 -1
1 163.350342 10.389973 2.848650 0.787381 0.498574 -1
1 166.284546 -23.694527 -30.530853 0.819624 0.400137 -1
1 138.840454 28.862074 -19.430149 0.733396 0.452846 -1
1 75.946747 -26.844130 -99.150452 0.676062 0.200826 -1
1 72.743637 -6.914828 -92.505661 0.657910 0.243993 -1
1 112.295036 -19.255928 -80.906555 0.727930 0.268398 -1
1 30.889547 -11.988328 -104.614761 0.588867 0.197102 -1
1 78.524643 -44.415127 -100.978760 0.691628 0.165671 -1
1 -16.571554 31.969273 -87.279259 0.498953 0.282396 -1
1 -50.539757 30.606375 -84.196350 0.445322 0.289571 -1
1 -102.890556 50.615772 -37.567047 0.370809 0.388210 -1
1 -135.806061 27.934572 -24.875851 0.297935 0.406225 -1
1 -146.135559 22.091871 -6.530151 0.284647 0.438765 -1
1 -170.121658 -26.546528 60.532848 0.187769 0.575334 -1
1 -129.196655 17.214071 42.570454 0.290654 0.533147 -1
1 -184.263947 -23.366827 39.927349 0.180826 0.525246 -1
1 -29.023954 5.473371 76.332153 0.432392 0.693718 -1
1 -51.402760 24.657473 65.679947 0.410300 0.632451 -1
1 0.836044 19.575071 61.292355 0.493274 0.652761 -1
1 118.912346 35.054474 28.829147 0.696132 0.563453 -1
1 131.841751 41.291374 -6.948850 0.704965 0.480385 -1
1 130.649841 -20.076727 -67.530251 0.760059 0.307759 -1
1 131.212845 27.010172 -31.245649 0.718197 0.421305 -1
1 111.292534 32.114372 -46.292751 0.686559 0.386225 -1
1 -3.993956 3.838472 -101.147652 0.519816 0.218622 -1
1 -2.059356 -3.346528 -104.454552 0.526059 0.203209 -1
1 -1.628155 -4.250129 -104.846954 0.527184 0.201347 -1
1 11.702344 -2.229728 -102.187553 0.550483 0.211313 -1
1 27.431847 2.837372 -97.724556 0.576950 0.229123 -1
1 -16.843256 61.093071 -74.617256 0.497816 0.341989 -1
1 -7.057456 62.968971 -73.260353 0.510344 0.345454 -1
1 -7.892056 54.376575 -77.046547 0.509504 0.327907 -1
1 -8.101756 40.211273 -83.223953 0.509617 0.298935 -1
1 -54.801952 93.558571 -22.573751 0.451162 0.438599 -1
1 -51.671253 95.205864 -11.959651 0.455079 0.452323 -1
1 -146.654846 19.322672 11.629749 0.277249 0.471181 -1
1 -13.265155 97.321167 10.118649 0.493701 0.493688 -1
1 -74.063255 22.481573 65.721443 0.373200 0.623941 -1
1 61.483646 61.259876 15.822249 0.585498 0.549162 -1
1 84.072838 65.344467 4.334150 0.621939 0.507485 -1
1 89.789040 70.090874 -6.167051 0.626058 0.485393 -1
1 95.241241 70.375473 -18.234150 0.633579 0.463120 -1
1 74.529839 86.566963 -32.446747 0.596819 0.442109 -1
1 88.872643 32.838371 -60.685749 0.653800 0.353968 -1
1 77.941238 73.397972 -44.020348 0.613121 0.410106 -1
1 60.589649 53.893074 22.057449 0.586678 0.568506 -1
1 61.659645 52.578876 23.049747 0.589219 0.570985 -1
1 62.698746 50.937973 24.317650 0.591828 0.574315 -1
1 64.553749 48.154469 26.459351 0.596431 0.579890 -1
1 75.258141 26.073071 43.841751 0.625336 0.627293 -1
1 65.599739 15.275872 53.795650 0.611241 0.662241 -1
1 60.272850 11.457772 57.502155 0.602633 0.676110 -1
1 55.237644 9.791272 59.384647 0.593738 0.684305 -1
1 -1.844756 92.161568 14.409751 0.506955 0.513406 -1
1 -139.724152 18.873474 26.564749 0.282090 0.501501 -1
1 -10.817055 93.591164 -54.778252 0.503962 0.396208 -1
1 5.839845 82.546570 -63.007351 0.521333 0.379421 -1
1 -33.588253 71.335266 -65.770760 0.476110 0.362174 -1
1 -28.322653 98.828972 -45.329552 0.484789 0.410783 -1
1 -65.915657 49.339874 -68.116058 0.426163 0.336507 -1
1 -73.011963 63.473473 -52.696751 0.420164 0.372822 -1
1 -46.567650 95.672272 -35.026848 0.462046 0.421600 -1
1 -38.907753 101.387459 -5.709452 0.467766 0.465639 -1
1 -106.726761 19.279675 56.687347 0.320965 0.582518 -1
1 -29.866657 98.411667 4.890551 0.476005 0.483573 -1
1 -89.202766 22.916073 61.178551 0.349709 0.598416 -1
1 65.882645 79.085571 0.116250 0.591267 0.498383 -1
1 49.093845 100.485161 -9.330452 0.561779 0.471288 -1
1 58.563347 74.916466 -55.333851 0.587139 0.393128 -1
1 56.324745 96.923973 -38.490051 0.571776 0.430138 -1
1 6.467646 81.947472 -63.276253 0.522369 0.378406 -1
1 6.016945 81.602470 -63.466747 0.521875 0.377802 -1
1 -6.494955 66.324669 -71.574951 0.510016 0.351236 -1
1 -6.782354 65.696472 -71.898560 0.509833 0.350149 -1
1 11.537545 104.158264 -47.568546 0.524701 0.413197 -1
1 -30.385855 110.132164 -21.265951 0.484098 0.445003 -1
1 12.733345 107.825462 -0.847750 0.523354 0.478268 -1
1 28.579744 99.096573 1.149849 0.540270 0.488314 -1
1 39.508545 91.579468 -51.839252 0.555922 0.405638 -1
1 2.893945 114.729866 -34.984146 0.516550 0.433330 -1
1 -107.768661 -90.167229 131.680435 0.179828 0.891685 -1
1 231.199463 -52.348927 88.103447 0.927640 0.674000 -1
1 64.801842 19.075071 -80.252960 0.628892 0.295252 -1
1 68.992943 23.449472 -75.633957 0.632070 0.310335 -1
1 65.898239 31.002872 -72.436859 0.622328 0.324071 -1
1 50.022644 10.081872 -88.856354 0.612380 0.265041 -1
1 53.826748 11.300173 -87.242256 0.617347 0.270416 -1
1 63.896847 18.121872 -81.000160 0.628145 0.292521 -1
1 -8.211155 31.994972 -86.571655 0.511205 0.284620 -1
1 -8.253554 29.850874 -87.711861 0.511328 0.279500 -1
1 -7.520855 25.699375 -89.851852 0.512760 0.269798 -1
1 -5.452255 9.324772 -98.360359 0.517205 0.231317 -1
1 1.821145 22.658173 59.015148 0.495175 0.646128 -1
1 0.589546 26.249174 56.981651 0.494532 0.639948 -1
1 -0.504256 29.425272 55.120949 0.493259 0.634297 -1
1 -0.803254 31.034172 54.128448 0.493104 0.631317 -1
1 -0.914056 31.501072 53.845146 0.493012 0.630464 -1
1 -1.054455 34.897171 51.654747 0.493623 0.623951 -1
1 -0.492153 55.537571 38.064751 0.500052 0.583719 -1
1 2.485245 20.708672 60.055851 0.495782 0.649944 -1
1 40.357246 4.858771 65.503052 0.564580 0.700325 -1
1 18.302746 1.686172 71.137146 0.519650 0.713312 -1
1 10.043845 0.508871 73.876640 0.507119 0.713816 -1
1 8.836146 2.656772 72.496750 0.505301 0.706875 -1
1 22.123846 83.216171 13.711848 0.531680 0.518545 -1
1 34.201748 82.471474 9.706250 0.548122 0.512327 -1
1 35.904846 81.391266 9.765650 0.550452 0.513062 -1
1 41.167744 75.592766 11.524450 0.557683 0.519400 -1
1 52.203644 63.592770 17.209049 0.572844 0.547090 -1
1 31.051245 81.076172 -59.764252 0.551429 0.382926 -1
1 30.432146 81.477066 -59.617050 0.550504 0.383554 -1
1 9.046045 82.623466 -62.430855 0.525026 0.380383 -1
1 7.371344 82.631668 -62.701855 0.523072 0.379975 -1
1 57.062542 58.261570 19.111149 0.578782 0.556631 -1
1 57.083149 58.235271 19.121550 0.578807 0.556679 -1
1 58.241844 56.787472 19.975048 0.580555 0.561486 -1
1 9.446745 80.656471 19.013750 0.517833 0.528430 -1
1 10.397545 81.929169 17.884850 0.518986 0.525820 -1
1 12.524045 83.658066 16.116350 0.521446 0.521916 -1
1 15.260745 83.628471 15.365649 0.524373 0.520788 -1
1 63.621746 36.433174 -70.971046 0.616039 0.331021 -1
1 60.601341 41.573174 -69.993950 0.608861 0.336596 -1
1 45.405449 64.414772 -65.118553 0.577399 0.365535 -1
1 44.073944 66.261070 -64.457954 0.574830 0.367636 -1
1 31.563145 80.748268 -59.809956 0.552213 0.382738 -1
1 46.786648 62.504372 -65.761353 0.580039 0.363472 -1
1 58.058548 45.926075 -68.982956 0.603267 0.342412 -1
1 55.256844 51.007374 -67.736351 0.596939 0.349316 -1
1 -0.180454 67.087769 30.412649 0.503116 0.561064 -1
1 0.379746 68.550667 29.307949 0.504129 0.557856 -1
265
0.185589 0.760616 -0.622110
0.167099 0.924048 -0.343822
0.301180 0.850369 -0.431467
0.332537 0.943088 -0.001854
0.091840 0.994126 -0.057263
0.214462 0.944495 0.248870
0.487404 0.844221 -0.222999
0.545828 0.813389 0.201170
0.325611 0.839871 0.434274
0.143287 0.879898 0.453043
0.068032 0.970843 0.229860
-0.051806 0.873224 0.484558
-0.131741 0.987714 0.084053
-0.343938 0.902864 -0.257960
-0.291833 0.913774 0.282579
-0.122308 0.965519 -0.229812
-0.159935 0.795263 -0.584789
0.054735 -0.715750 -0.696208
0.067737 -0.914395 -0.399115
-0.027666 -0.912084 -0.409070
0.060768 -0.276762 -0.959015
-0.083164 -0.360623 -0.928997
-0.101251 0.050001 -0.993604
-0.070939 -0.726287 -0.683722
-0.189305 -0.773456 -0.604921
-0.187278 -0.478924 -0.857647
-0.268871 -0.055352 -0.961584
-0.368503 -0.444310 -0.816575
-0.124711 -0.917686 -0.377226
-0.335757 -0.802032 -0.493976
-0.604543 0.024710 -0.796189
-0.626308 -0.449389 -0.637015
-0.149941 -0.943215 -0.296418
-0.494835 -0.816924 -0.296265
-0.206418 -0.951274 -0.229062
-0.247354 -0.964784 -0.089490
-0.802827 0.225778 -0.551808
-0.892544 -0.333734 -0.303293
-0.601946 -0.797601 -0.038652
-0.751868 0.652882 -0.091873
-0.884600 0.381499 -0.268219
-0.929321 0.367338 0.037744
-0.943909 -0.293383 0.151536
-0.542189 -0.814179 0.207713
-0.682319 0.712506 0.163636
-0.769156 0.494415 0.404910
-0.857876 -0.134996 0.495807
-0.209951 -0.977711 0.000918
-0.156943 -0.975124 0.156530
-0.646330 0.404513 0.647014
-0.707341 -0.263061 0.656100
-0.485591 0.678415 0.551320
-0.507680 -0.718455 0.475483
-0.497727 0.077299 0.863882
-0.317362 0.648591 0.691817
-0.166805 0.298549 0.939705
-0.356124 -0.715039 0.601577
-0.133114 -0.595167 0.792500
0.113618 0.231421 0.966196
0.101704 -0.165713 0.980916
0.176702 -0.500289 0.847636
0.056141 0.591448 0.804386
0.012208 0.515747 0.856654
0.072545 0.584619 0.808058
0.181238 -0.824294 0.536369
0.108784 -0.814995 0.569166
0.046248 0.375681 0.925595
-0.040818 0.629021 0.776316
-0.127567 0.280134 0.951447
-0.049522 -0.681500 0.730141
0.018327 -0.192413 0.981143
-0.091159 0.591710 0.800980
0.022029 0.240289 0.970451
0.187987 -0.933419 0.305598
0.023572 -0.373514 0.927325
-0.009949 -0.798180 0.602337
0.198242 0.625673 0.754475
0.609159 -0.065502 0.790338
0.896980 0.439151 -0.050723
0.583910 0.785856 0.203662
0.662975 0.589188 0.461867
0.325046 0.826367 0.459852
0.439102 -0.709355 0.551367
0.295400 -0.954414 -0.042802
0.672646 -0.738236 0.050541
0.589266 -0.772224 -0.237562
0.298999 -0.938504 -0.172657
0.862012 0.358584 -0.358263
0.745046 0.650108 -0.149217
0.772661 -0.327170 -0.544017
0.837568 0.249554 -0.486007
0.896662 -0.235464 -0.374905
0.554737 -0.753210 -0.353471
0.263223 -0.932196 -0.248444
0.645616 -0.336203 -0.685673
0.764789 0.132247 -0.630562
0.459972 -0.753965 -0.469001
0.185670 -0.913640 -0.361648
0.412831 -0.556499 -0.721027
0.614027 0.085399 -0.784651
0.683712 0.384854 -0.620020
0.234302 -0.409449 -0.881733
0.423997 -0.004429 -0.905653
0.171601 -0.763311 -0.622824
0.168558 0.003988 -0.985684
-0.080947 0.292849 -0.952726
0.048073 0.162386 -0.985555
0.031181 0.402616 -0.914838
-0.227972 0.278021 -0.933131
-0.131611 0.433294 -0.891591
-0.360465 0.313650 -0.878458
-0.433138 0.038183 -0.900519
-0.272071 0.467740 -0.840950
-0.401578 0.523829 -0.751225
-0.493387 0.370307 -0.787046
-0.525973 0.590062 -0.612519
-0.628295 0.411222 -0.660411
-0.642831 0.608926 -0.464734
-0.701821 0.665649 -0.253690
-0.638041 0.769494 0.027966
-0.591507 0.774357 0.224704
-0.561744 0.743664 0.362503
-0.380133 0.701098 0.603291
-0.160645 0.645044 0.747069
-0.239554 0.663170 0.709097
-0.084894 0.628227 0.773385
0.043114 0.610573 0.790785
0.277838 0.618341 0.735160
0.127185 0.616170 0.777277
0.083404 0.692613 0.716471
-0.012013 0.736087 0.676780
0.166266 0.832260 0.528865
0.054633 0.780323 0.622986
0.370861 0.845214 0.384806
0.579813 0.804429 0.129272
0.751849 0.595133 -0.283797
0.746450 0.436483 -0.502290
0.699747 0.591203 -0.401039
0.285003 0.245333 -0.926598
0.272732 0.441041 -0.855044
0.466411 0.378240 -0.799622
0.166327 0.350169 -0.921801
0.274249 -0.021312 -0.961423
0.029507 0.438528 -0.898233
-0.183113 0.475365 -0.860522
-0.583184 0.715509 -0.384634
-0.628129 0.744538 -0.226090
-0.635760 0.771830 -0.009371
-0.470026 0.718841 0.512195
-0.470070 0.717220 0.514422
-0.539991 0.743724 0.394062
0.112411 0.564332 0.817859
0.005031 0.582395 0.812890
0.018762 0.561609 0.827190
0.221758 0.783698 0.580208
0.678418 0.724272 -0.123206
0.596875 0.407957 -0.690877
0.637674 0.521523 -0.566909
0.542657 0.484700 -0.685995
0.536918 0.483496 -0.691340
0.716260 0.503796 -0.482867
0.237407 0.970530 -0.041351
-0.344640 0.700940 0.624425
-0.166684 0.927928 -0.333415
-0.061469 0.463296 -0.884069
0.711546 0.224298 -0.665877
0.823367 0.198008 -0.531845
0.482126 0.334672 -0.809660
-0.595446 0.794310 -0.120485
-0.565832 0.807335 0.167467
-0.613127 0.763048 0.204531
-0.083201 0.688695 0.720262
-0.134881 0.618603 0.774040
0.315744 0.586581 0.745808
0.273668 0.709673 0.649208
0.457620 0.764904 0.453328
0.633625 0.773615 0.006293
0.626595 0.704458 -0.333343
0.417243 0.464311 -0.781232
0.537782 0.537757 -0.649314
-0.443847 -0.857912 0.258819
-0.647009 -0.692095 -0.319973
-0.710267 -0.658674 -0.248335
-0.754951 -0.602074 -0.259915
-0.927097 0.372635 0.040438
-0.401508 0.836483 0.372944
-0.251466 0.921290 0.296630
0.232842 0.376413 0.896715
-0.008346 0.584564 0.811305
-0.549982 0.758068 0.350503
-0.116594 0.602821 -0.789311
-0.018654 0.530351 -0.847573
-0.231020 0.542748 -0.807499
-0.333442 0.678850 -0.654201
-0.326069 0.554106 -0.765928
-0.459176 0.641968 -0.614031
-0.515753 0.765616 -0.384488
-0.455385 0.808703 0.372322
-0.356967 0.681594 0.638752
-0.278807 0.755931 0.592313
-0.241904 0.665596 0.706020
0.322272 0.598041 0.733817
0.384354 0.689973 0.613359
0.386836 0.466795 -0.795274
0.422920 0.689412 -0.588091
0.596238 -0.257795 -0.760291
0.713922 -0.360665 -0.600197
0.880157 -0.472083 -0.049618
0.797145 -0.398818 0.453326
0.039065 0.671053 -0.740379
-0.489999 0.871715 0.003786
0.159585 0.721675 0.673586
0.267256 0.577486 0.771417
0.232328 0.554293 -0.799239
0.013939 0.888742 -0.458196
0.122328 -0.881773 0.455534
0.989388 -0.083236 0.119097
0.066062 0.657501 -0.750552
-0.774878 0.462605 -0.430767
-0.576880 0.042094 -0.815744
-0.002857 0.786086 -0.618111
-0.254408 0.875925 -0.409916
-0.494466 0.799490 -0.341056
0.075178 0.421774 -0.903579
0.675446 0.428543 -0.600103
0.790930 0.366869 -0.489731
0.764780 0.417950 -0.490337
-0.618851 0.205491 0.758153
-0.638951 0.207186 0.740821
0.741619 0.446584 0.500563
0.827863 0.413481 0.379046
0.996009 0.072177 -0.052503
0.890909 -0.257405 -0.374196
-0.152787 -0.559736 -0.814464
-0.124198 0.501187 0.856380
0.022693 0.830527 0.556516
0.259018 0.149897 0.954170
0.640996 0.636199 0.429389
0.484984 0.649148 0.586001
-0.055795 -0.998292 0.017337
-0.426454 -0.903787 0.036147
-0.565534 -0.448953 0.691818
-0.485900 -0.109308 0.867152
-0.511484 -0.064283 0.856885
-0.536254 -0.843051 0.041177
-0.185486 -0.923520 0.335717
-0.078728 -0.916892 0.391295
0.429094 -0.903110 -0.016434
-0.725040 -0.665565 -0.177034
-0.793137 -0.333203 0.509813
-0.617116 0.016984 0.786689
0.359689 -0.755026 -0.548233
0.598546 -0.779778 -0.183547
0.034986 -0.922518 -0.384364
-0.129799 -0.926001 -0.354507
-0.822065 -0.495606 0.280328
-0.820432 -0.380064 -0.427134
-0.792027 -0.606140 0.072718
-0.731703 -0.656674 0.182730
-0.515347 -0.746806 0.420354
-0.171151 0.200787 -0.964568
-0.868676 -0.428432 -0.248692
-0.807043 -0.586657 0.067200
0.895510 -0.360997 -0.260274
0.600451 -0.702504 -0.382029
446
1 0 1 2 0 1 2 1
1 3 4 5 3 4 5 1
1 2 3 6 2 3 6 1
1 3 7 6 3 7 6 1
1 3 8 7 3 8 7 1
1 5 8 3 5 8 3 1
1 5 9 8 5 9 8 1
1 9 10 11 9 10 11 1
1 11 10 12 11 10 12 1
1 12 13 14 12 13 14 1
1 15 16 13 15 16 13 1
1 17 18 19 17 18 19 1
1 20 17 21 20 17 21 1
1 21 22 20 21 22 20 1
1 23 21 17 23 21 17 1
1 24 25 23 24 25 23 1
1 22 21 26 22 21 26 1
1 26 25 27 26 25 27 1
1 28 24 19 28 24 19 1
1 29 27 24 29 27 24 1
1 30 27 31 30 27 31 1
1 32 29 28 32 29 28 1
1 31 29 33 31 29 33 1
1 34 29 32 34 29 32 1
1 35 33 34 35 33 34 1
1 36 31 37 36 31 37 1
1 37 33 38 37 33 38 1
1 39 40 41 39 40 41 1
1 42 38 43 42 38 43 1
1 44 41 45 44 41 45 1
1 41 37 42 41 37 42 1
1 45 42 46 45 42 46 1
1 43 47 48 43 47 48 1
1 49 46 50 49 46 50 1
1 51 45 49 51 45 49 1
1 50 43 52 50 43 52 1
1 51 49 53 51 49 53 1
1 54 53 55 54 53 55 1
1 53 56 57 53 56 57 1
1 58 59 60 58 59 60 1
1 61 62 63 61 62 63 1
1 62 59 58 62 59 58 1
1 60 64 65 60 64 65 1
1 63 58 66 63 58 66 1
1 67 66 68 67 66 68 1
1 69 70 65 69 70 65 1
1 71 68 72 71 68 72 1
1 73 74 75 73 74 75 1
1 76 72 77 76 72 77 1
1 75 74 69 75 74 69 1
1 78 79 80 78 79 80 1
1 81 76 80 81 76 80 1
1 82 77 74 82 77 74 1
1 83 84 73 83 84 73 1
1 85 83 86 85 83 86 1
1 87 88 78 87 88 78 1
1 89 90 91 89 90 91 1
1 92 91 85 92 91 85 1
1 92 86 93 92 86 93 1
1 94 95 89 94 95 89 1
1 96 89 92 96 89 92 1
1 96 93 97 96 93 97 1
1 98 99 94 98 99 94 1
1 99 100 95 99 100 95 1
1 101 102 98 101 102 98 1
1 103 97 18 103 97 18 1
1 103 101 98 103 101 98 1
1 20 104 101 20 104 101 1
1 105 106 22 105 106 22 1
1 107 106 105 107 106 105 1
1 108 22 26 108 22 26 1
1 109 105 108 109 105 108 1
1 110 26 111 110 26 111 1
1 112 108 110 112 108 110 1
1 113 110 114 113 110 114 1
1 114 111 30 114 111 30 1
1 115 114 116 115 114 116 1
1 115 116 117 115 116 117 1
1 117 116 36 117 116 36 1
1 118 36 40 118 36 40 1
1 119 39 44 119 39 44 1
1 120 44 121 120 44 121 1
1 121 44 45 121 44 45 1
1 54 122 51 54 122 51 1
1 123 124 54 123 124 54 1
1 62 125 123 62 125 123 1
1 61 126 62 61 126 62 1
1 126 61 63 126 61 63 1
1 127 128 63 127 128 63 1
1 129 67 130 129 67 130 1
1 129 127 67 129 127 67 1
1 127 63 67 127 63 67 1
1 130 67 71 130 67 71 1
1 131 132 81 131 132 81 1
1 132 71 76 132 71 76 1
1 79 133 81 79 133 81 1
1 133 131 81 133 131 81 1
1 88 134 79 88 134 79 1
1 87 135 88 87 135 88 1
1 136 137 135 136 137 135 1
1 90 135 87 90 135 87 1
1 100 136 95 100 136 95 1
1 138 139 140 138 139 140 1
1 102 140 99 102 140 99 1
1 106 141 104 106 141 104 1
1 141 139 138 141 139 138 1
1 104 138 142 104 138 142 1
1 143 107 109 143 107 109 1
1 144 109 112 144 109 112 1
1 145 115 117 145 115 117 1
1 146 117 118 146 117 118 1
1 147 118 119 147 118 119 1
1 148 149 150 148 149 150 1
1 122 149 148 122 149 148 1
1 151 152 126 151 152 126 1
1 128 153 151 128 153 151 1
1 154 130 131 154 130 131 1
1 154 129 130 154 129 130 1
1 154 131 133 154 131 133 1
1 137 155 135 137 155 135 1
1 156 157 100 156 157 100 1
1 156 158 157 156 158 157 1
1 140 158 156 140 158 156 1
1 107 159 160 107 159 160 1
1 107 160 161 107 160 161 1
1 107 161 162 107 161 162 1
1 107 162 163 107 162 163 1
1 107 163 141 107 163 141 1
1 143 164 165 143 164 165 1
1 143 165 166 143 165 166 1
1 143 166 167 143 166 167 1
1 143 144 164 143 144 164 1
1 168 145 146 168 145 146 1
1 169 147 170 169 147 170 1
1 152 171 172 152 171 172 1
1 173 129 174 173 129 174 1
1 175 133 134 175 133 134 1
1 155 176 134 155 176 134 1
1 177 176 137 177 176 137 1
1 178 179 158 178 179 158 1
1 157 177 137 157 177 137 1
1 127 129 173 127 129 173 1
1 127 173 180 127 173 180 1
1 127 180 181 127 180 181 1
1 127 181 182 127 181 182 1
1 127 182 183 127 182 183 1
1 127 183 184 127 183 184 1
1 127 184 185 127 184 185 1
1 127 185 186 127 185 186 1
1 127 186 187 127 186 187 1
1 151 188 152 151 188 152 1
1 126 152 125 126 152 125 1
1 125 172 124 125 172 124 1
1 149 189 150 149 189 150 1
1 190 191 164 190 191 164 1
1 190 164 192 190 164 192 1
1 193 192 194 193 192 194 1
1 193 194 195 193 194 195 1
1 196 195 145 196 195 145 1
1 168 146 147 168 146 147 1
1 149 197 189 149 197 189 1
1 198 199 149 198 199 149 1
1 200 199 198 200 199 198 1
1 171 199 200 171 199 200 1
1 201 173 174 201 173 174 1
1 202 201 175 202 201 175 1
1 7 175 176 7 175 176 1
1 7 202 175 7 202 175 1
1 177 7 176 177 7 176 1
1 203 204 179 203 204 179 1
1 191 205 206 191 205 206 1
1 191 206 207 191 206 207 1
1 191 207 208 191 207 208 1
1 191 208 165 191 208 165 1
1 191 165 164 191 165 164 1
1 209 191 190 209 191 190 1
1 16 190 193 16 190 193 1
1 13 193 196 13 193 196 1
1 210 196 168 210 196 168 1
1 210 168 169 210 168 169 1
1 199 14 197 199 14 197 1
1 171 11 199 171 11 199 1
1 211 11 171 211 11 171 1
1 212 211 188 212 211 188 1
1 211 212 202 211 212 202 1
1 8 202 7 8 202 7 1
1 6 7 177 6 7 177 1
1 204 6 177 204 6 177 1
1 0 2 204 0 2 204 1
1 209 0 213 209 0 213 1
1 209 213 191 209 213 191 1
1 2 1 3 2 1 3 1
1 3 1 4 3 1 4 1
1 10 5 4 10 5 4 1
1 8 9 211 8 9 211 1
1 5 10 9 5 10 9 1
1 211 9 11 211 9 11 1
1 4 12 10 4 12 10 1
1 14 11 12 14 11 12 1
1 12 4 15 12 4 15 1
1 14 13 210 14 13 210 1
1 214 15 4 214 15 4 1
1 12 15 13 12 15 13 1
1 1 214 4 1 214 4 1
1 15 214 16 15 214 16 1
1 35 47 43 35 47 43 1
1 35 43 38 35 43 38 1
1 209 16 214 209 16 214 1
1 106 104 20 106 104 20 1
1 23 25 21 23 25 21 1
1 20 22 106 20 22 106 1
1 19 23 17 19 23 17 1
1 26 21 25 26 21 25 1
1 19 24 23 19 24 23 1
1 111 26 27 111 26 27 1
1 24 27 25 24 27 25 1
1 30 111 27 30 111 27 1
1 28 29 24 28 29 24 1
1 29 31 27 29 31 27 1
1 36 30 31 36 30 31 1
1 34 33 29 34 33 29 1
1 36 116 30 36 116 30 1
1 40 36 37 40 36 37 1
1 37 31 33 37 31 33 1
1 41 40 37 41 40 37 1
1 38 33 35 38 33 35 1
1 52 56 53 52 56 53 1
1 52 53 50 52 53 50 1
1 45 41 42 45 41 42 1
1 44 39 41 44 39 41 1
1 42 37 38 42 37 38 1
1 46 42 43 46 42 43 1
1 50 46 43 50 46 43 1
1 49 45 46 49 45 46 1
1 52 43 48 52 43 48 1
1 54 51 53 54 51 53 1
1 53 49 50 53 49 50 1
1 48 215 57 48 215 57 1
1 48 57 56 48 57 56 1
1 56 52 48 56 52 48 1
1 55 53 57 55 53 57 1
1 59 55 57 59 55 57 1
1 55 62 123 55 62 123 1
1 55 123 54 55 123 54 1
1 215 64 60 215 64 60 1
1 215 60 59 215 60 59 1
1 62 55 59 62 55 59 1
1 59 57 215 59 57 215 1
1 63 62 58 63 62 58 1
1 58 60 70 58 60 70 1
1 58 70 66 58 70 66 1
1 68 70 74 68 70 74 1
1 68 74 72 68 74 72 1
1 67 63 66 67 63 66 1
1 65 70 60 65 70 60 1
1 70 68 66 70 68 66 1
1 69 74 70 69 74 70 1
1 77 82 84 77 82 84 1
1 77 84 216 77 84 216 1
1 71 67 68 71 67 68 1
1 76 71 72 76 71 72 1
1 74 77 72 74 77 72 1
1 73 84 82 73 84 82 1
1 80 77 216 80 77 216 1
1 80 216 78 80 216 78 1
1 78 216 91 78 216 91 1
1 78 91 87 78 91 87 1
1 80 79 81 80 79 81 1
1 77 80 76 77 80 76 1
1 73 82 74 73 82 74 1
1 91 90 87 91 90 87 1
1 84 85 91 84 85 91 1
1 84 91 216 84 91 216 1
1 101 103 17 101 103 17 1
1 101 17 20 101 17 20 1
1 85 84 83 85 84 83 1
1 92 89 91 92 89 91 1
1 92 85 86 92 85 86 1
1 89 95 90 89 95 90 1
1 96 94 89 96 94 89 1
1 96 92 93 96 92 93 1
1 96 98 94 96 98 94 1
1 94 99 95 94 99 95 1
1 98 102 99 98 102 99 1
1 98 96 97 98 96 97 1
1 101 142 102 101 142 102 1
1 103 98 97 103 98 97 1
1 101 104 142 101 104 142 1
1 17 103 18 17 103 18 1
1 150 121 51 150 121 51 1
1 150 51 148 150 51 148 1
1 109 107 105 109 107 105 1
1 108 105 22 108 105 22 1
1 112 109 108 112 109 108 1
1 113 112 110 113 112 110 1
1 110 108 26 110 108 26 1
1 115 113 114 115 113 114 1
1 114 110 111 114 110 111 1
1 116 114 30 116 114 30 1
1 118 117 36 118 117 36 1
1 119 118 39 119 118 39 1
1 39 118 40 39 118 40 1
1 120 119 44 120 119 44 1
1 150 120 121 150 120 121 1
1 119 120 170 119 120 170 1
1 119 170 147 119 170 147 1
1 51 121 45 51 121 45 1
1 122 148 51 122 148 51 1
1 54 124 122 54 124 122 1
1 123 125 124 123 125 124 1
1 62 126 125 62 126 125 1
1 128 126 63 128 126 63 1
1 132 130 71 132 130 71 1
1 131 130 132 131 130 132 1
1 81 132 76 81 132 76 1
1 88 135 134 88 135 134 1
1 79 134 133 79 134 133 1
1 78 88 79 78 88 79 1
1 90 136 135 90 136 135 1
1 95 136 90 95 136 90 1
1 99 156 100 99 156 100 1
1 99 140 156 99 140 156 1
1 102 138 140 102 138 140 1
1 142 138 102 142 138 102 1
1 106 107 141 106 107 141 1
1 104 141 138 104 141 138 1
1 144 143 109 144 143 109 1
1 146 145 117 146 145 117 1
1 147 146 118 147 146 118 1
1 178 140 139 178 140 139 1
1 178 139 217 178 139 217 1
1 178 217 218 178 217 218 1
1 178 218 219 178 218 219 1
1 150 170 120 150 170 120 1
1 128 151 126 128 151 126 1
1 135 155 134 135 155 134 1
1 100 157 137 100 157 137 1
1 136 100 137 136 100 137 1
1 140 178 158 140 178 158 1
1 154 133 175 154 133 175 1
1 154 175 174 154 175 174 1
1 139 220 221 139 220 221 1
1 139 221 222 139 221 222 1
1 139 222 217 139 222 217 1
1 143 223 224 143 223 224 1
1 143 224 225 143 224 225 1
1 143 225 226 143 225 226 1
1 143 226 159 143 226 159 1
1 143 159 107 143 159 107 1
1 141 163 220 141 163 220 1
1 141 220 139 141 220 139 1
1 192 164 144 192 164 144 1
1 214 1 0 214 1 0 1
1 214 0 209 214 0 209 1
1 194 192 144 194 192 144 1
1 145 195 115 145 195 115 1
1 189 169 170 189 169 170 1
1 172 171 200 172 171 200 1
1 153 227 228 153 227 228 1
1 153 228 229 153 228 229 1
1 153 229 230 153 229 230 1
1 153 230 231 153 230 231 1
1 153 231 232 153 231 232 1
1 153 232 233 153 232 233 1
1 153 233 188 153 233 188 1
1 153 188 151 153 188 151 1
1 153 234 227 153 234 227 1
1 198 122 124 198 122 124 1
1 198 124 200 198 124 200 1
1 176 175 134 176 175 134 1
1 137 176 155 137 176 155 1
1 178 203 179 178 203 179 1
1 158 179 157 158 179 157 1
1 157 179 177 157 179 177 1
1 129 154 174 129 154 174 1
1 128 127 187 128 127 187 1
1 128 187 235 128 187 235 1
1 128 235 236 128 235 236 1
1 128 236 237 128 236 237 1
1 128 237 238 128 237 238 1
1 128 238 234 128 238 234 1
1 128 234 153 128 234 153 1
1 125 152 172 125 152 172 1
1 124 172 200 124 172 200 1
1 122 198 149 122 198 149 1
1 170 150 189 170 150 189 1
1 194 113 195 194 113 195 1
1 113 115 195 113 115 195 1
1 144 112 194 144 112 194 1
1 112 113 194 112 113 194 1
1 196 193 195 196 193 195 1
1 168 196 145 168 196 145 1
1 169 168 147 169 168 147 1
1 189 197 169 189 197 169 1
1 149 199 197 149 199 197 1
1 152 188 171 152 188 171 1
1 201 212 239 201 212 239 1
1 201 239 240 201 239 240 1
1 201 240 241 201 240 241 1
1 201 241 242 201 241 242 1
1 201 242 243 201 242 243 1
1 201 243 173 201 243 173 1
1 175 201 174 175 201 174 1
1 179 204 177 179 204 177 1
1 191 213 244 191 213 244 1
1 191 244 245 191 244 245 1
1 191 245 246 191 245 246 1
1 191 246 247 191 246 247 1
1 191 247 205 191 247 205 1
1 16 209 190 16 209 190 1
1 193 190 192 193 190 192 1
1 13 16 193 13 16 193 1
1 210 13 196 210 13 196 1
1 169 197 210 169 197 210 1
1 197 14 210 197 14 210 1
1 199 11 14 199 11 14 1
1 188 211 171 188 211 171 1
1 202 212 201 202 212 201 1
1 8 211 202 8 211 202 1
1 204 2 6 204 2 6 1
1 203 213 204 203 213 204 1
1 213 0 204 213 0 204 1
1 243 248 249 243 248 249 1
1 243 249 173 243 249 173 1
1 167 223 143 167 223 143 1
1 250 180 173 250 180 173 1
1 249 250 173 249 250 173 1
1 251 252 253 251 252 253 1
1 251 253 254 251 253 254 1
1 251 254 239 251 254 239 1
1 251 239 212 251 239 212 1
1 251 212 188 251 212 188 1
1 219 255 256 219 255 256 1
1 219 256 203 219 256 203 1
1 219 203 178 219 203 178 1
1 257 258 259 257 258 259 1
1 257 259 244 257 259 244 1
1 257 244 213 257 244 213 1
1 260 257 213 260 257 213 1
1 260 213 203 260 213 203 1
1 256 261 262 256 261 262 1
1 256 262 260 256 262 260 1
1 256 260 203 256 260 203 1
1 233 263 264 233 263 264 1
1 233 264 251 233 264 251 1
1 233 251 188 233 251 188 1

Materials: 3
"bottom"
1.000000 1.000000 1.000000 1.000000
0.800000 0.003353 0.032126 1.000000
0.500000 0.500000 0.500000 1.000000
0.000000 0.000000 0.000000 1.000000
0.185600
1.000000
"snowtexbottom_b.png"
""
"holeTop"
1.000000 1.000000 1.000000 1.000000
0.800000 0.800000 0.800000 1.000000
0.500000 0.500000 0.500000 1.000000
0.000000 0.000000 0.000000 1.000000
0.185600
1.000000
"snowtextopHole_b.png"
""
"insidekamat"
1.000000 1.000000 1.000000 1.000000
0.800000 0.800000 0.800000 1.000000
0.500000 0.500000 0.500000 1.000000
0.000000 0.000000 0.000000 1.000000
0.185600
1.000000
"snowtexpipe_b.png"
""

Bones: 0
GroupComments: 0
MaterialComments: 0
BoneComments: 0
ModelComment: 0
