// MilkShape 3D ASCII

Frames: 30
Frame: 1

Meshes: 2
"insidekamat" 0 2
70
0 7.715426 80.473450 24.562702 0.171134 0.619950 -1
0 0.840724 78.247452 -76.320198 0.532244 0.628246 -1
0 13.352619 93.525253 -68.211998 0.500708 0.558836 -1
0 17.733212 93.851952 13.139603 0.209755 0.558833 -1
0 16.782413 92.579254 14.268503 0.205930 0.564647 -1
0 -0.185175 37.622158 -94.597099 0.596473 0.779738 -1
0 6.532426 42.956955 49.383202 0.076866 0.761772 -1
0 6.831425 41.348053 50.375702 0.071402 0.770785 -1
0 1.883425 21.247555 -103.105606 0.627348 0.839383 -1
0 16.171818 14.579555 67.751503 0.006700 0.875382 -1
0 5.276324 8.576255 -109.199799 0.649319 0.886962 -1
0 3.341723 15.761255 -105.892899 0.637401 0.859974 -1
0 7.925226 38.171959 52.236404 0.064566 0.782874 -1
0 9.156820 34.580956 54.269901 0.057090 0.796540 -1
0 9.820919 32.631454 55.310604 0.052118 0.806268 -1
0 -0.917875 41.773659 -92.457108 0.588867 0.764491 -1
0 6.421624 43.423855 49.099899 0.082216 0.752883 -1
0 68.995193 64.501656 18.304501 0.183950 0.320399 -1
0 62.592480 62.930157 -72.481598 0.508890 0.329829 -1
0 65.394104 57.848858 -73.728203 0.513542 0.309151 -1
0 70.034286 62.860756 19.572403 0.179475 0.313431 -1
0 16.381718 94.546249 -67.176102 0.496437 0.546965 -1
0 22.596401 95.551254 10.620402 0.217812 0.538876 -1
0 19.859707 95.580849 11.371103 0.215628 0.548774 -1
0 14.707018 94.554451 -67.447098 0.497706 0.552891 -1
0 67.925186 65.815857 17.312202 0.187498 0.326449 -1
0 65.577393 68.710258 15.229801 0.194944 0.339755 -1
0 64.418701 70.158058 14.376303 0.197995 0.346376 -1
0 64.398102 70.184349 14.365902 0.198362 0.351797 -1
0 51.409580 78.183853 -69.203201 0.498272 0.397556 -1
0 52.741085 76.337555 -69.863800 0.500502 0.389390 -1
0 54.122280 74.427155 -70.506599 0.502664 0.380935 -1
0 59.539280 75.515556 12.463802 0.205713 0.377404 -1
0 48.503376 87.515549 6.779203 0.227279 0.435170 -1
0 43.240482 93.314049 5.020403 0.234164 0.462994 -1
0 38.898777 92.671051 -64.555199 0.483112 0.466249 -1
0 67.608398 23.380554 52.756908 0.067681 0.134554 -1
0 61.162380 23.222956 -91.987503 0.584774 0.153379 -1
0 57.358280 22.004654 -93.601601 0.591648 0.139614 -1
0 34.767521 14.760155 -102.469803 0.629911 0.057655 -1
0 19.038006 9.693055 -106.932800 0.650462 0.000081 -1
0 47.692883 16.781553 60.757805 0.045111 0.057605 -1
0 62.573277 21.714054 54.639400 0.062474 0.115141 -1
0 -0.556376 66.299355 -81.791794 0.551564 0.675336 -1
0 6.281225 46.819954 46.909500 0.090199 0.740830 -1
0 -0.875475 43.917755 -91.316902 0.584909 0.755656 -1
0 -0.766077 52.134056 -87.969200 0.573201 0.726175 -1
0 47.692883 16.781553 60.757805 0.020782 0.999919 -1
0 19.038006 9.693055 -106.932800 0.636618 0.946162 -1
0 5.707525 7.672653 -109.592201 0.650462 0.898227 -1
0 17.379509 12.431654 69.131393 0.000081 0.886529 -1
0 25.638405 13.608955 66.391899 0.007378 0.917562 -1
0 72.935272 27.198654 49.050404 0.079167 0.158867 -1
0 71.232376 30.044655 -85.745407 0.559344 0.195058 -1
0 37.767780 93.399849 -64.362297 0.482588 0.471075 -1
0 41.537380 94.394257 4.961003 0.234625 0.470184 -1
0 29.459507 95.138954 8.966601 0.222488 0.514059 -1
0 82.593674 37.995853 39.096504 0.111112 0.212903 -1
0 76.328476 35.372253 -80.379204 0.538423 0.220014 -1
0 72.137375 30.997854 -84.998207 0.556361 0.199559 -1
0 0.278224 74.891754 -78.005600 0.538155 0.644418 -1
0 0.553326 77.619255 -76.643806 0.533325 0.634598 -1
0 7.155227 79.010551 25.667402 0.166863 0.626187 -1
0 6.843528 67.460350 33.319504 0.139247 0.667321 -1
0 38.386883 92.998955 -64.509499 0.483023 0.468425 -1
0 67.936890 53.495956 -74.739197 0.517295 0.291177 -1
0 70.957275 48.355957 -75.716293 0.520952 0.269914 -1
0 71.889282 60.077251 21.714104 0.171897 0.301440 -1
0 13.803320 93.870255 -68.021500 0.499938 0.556842 -1
0 73.233780 42.925655 -77.182106 0.526527 0.248974 -1
70
0.822360 -0.567281 -0.043784
0.880169 -0.472066 -0.049563
0.731942 -0.680379 -0.036681
0.687127 -0.725727 -0.034292
0.782823 -0.620914 -0.040685
0.984448 0.167757 -0.052147
0.981535 0.183907 -0.052609
0.987096 0.151568 -0.051654
0.967841 0.243520 -0.063094
0.888036 0.454434 -0.069869
0.913628 0.400507 -0.069843
0.954962 0.288692 -0.068595
-0.954973 -0.288631 0.068693
-0.954973 -0.288633 0.068691
-0.954964 -0.288677 0.068622
0.978359 0.199999 -0.053050
0.996010 0.072184 -0.052483
-0.844903 -0.530480 0.068770
-0.807081 -0.586619 0.067076
-0.862278 -0.501597 0.069829
-0.857228 -0.510152 0.070037
-0.023336 -0.999618 0.014778
-0.039577 -0.999087 0.016069
0.210849 -0.977518 -0.001055
0.429154 -0.903084 -0.016296
-0.797805 -0.599222 0.066637
-0.797814 -0.599210 0.066638
-0.797922 -0.599066 0.066628
-0.781655 -0.620617 0.062051
-0.764744 -0.641768 0.057444
-0.797804 -0.599220 0.066660
-0.797816 -0.599214 0.066582
-0.747361 -0.662320 0.052758
-0.747359 -0.662323 0.052757
-0.682863 -0.728877 0.049348
-0.611901 -0.789626 0.045480
-0.378213 0.925583 0.015832
-0.488656 0.872228 0.020812
-0.309883 0.950689 0.012765
-0.309879 0.950690 0.012764
-0.309879 0.950690 0.012765
-0.343583 -0.101178 -0.933656
0.309877 -0.950691 -0.012779
0.998289 -0.017723 -0.055727
0.996717 -0.053388 -0.060870
-0.049367 0.391811 -0.918720
0.998621 0.007853 -0.051907
-0.146522 0.989068 -0.016622
-0.146560 0.989060 -0.016765
0.237406 0.970530 -0.041347
0.888105 0.454276 -0.070023
0.146597 -0.989052 0.016907
-0.628719 0.777251 0.024353
-0.696450 0.717208 0.023886
-0.180251 -0.983330 0.023907
-0.426449 -0.903789 0.036153
-0.055794 -0.998291 0.017354
-0.927096 0.372636 0.040433
-0.984801 0.166944 0.047914
-0.734095 0.678644 0.023382
0.995619 -0.068810 -0.063310
0.981986 -0.178861 -0.060933
0.970508 -0.233685 -0.059214
0.995717 -0.068214 -0.062404
-0.536233 -0.843061 0.041251
-0.854158 -0.515260 0.070159
-0.876203 -0.477427 0.065818
-0.901413 -0.428755 0.060204
0.615457 -0.787600 -0.029979
-0.915198 -0.398989 0.056755
68
0 0 1 2 0 1 2 1
0 0 2 3 0 2 3 1
0 0 3 4 0 3 4 1
0 5 6 7 5 6 7 1
0 5 7 8 5 7 8 1
0 9 10 11 9 10 11 1
0 9 11 8 9 11 8 1
0 9 8 7 9 8 7 1
0 9 7 12 9 7 12 1
0 9 12 13 9 12 13 1
0 9 13 14 9 13 14 1
0 15 16 6 15 16 6 1
0 15 6 5 15 6 5 1
0 17 18 19 17 18 19 1
0 17 19 20 17 19 20 1
0 21 22 23 21 22 23 1
0 21 23 24 21 23 24 1
0 18 17 25 18 17 25 1
0 18 25 26 18 25 26 1
0 18 26 27 18 26 27 1
0 18 27 28 18 27 28 1
0 18 28 29 18 28 29 1
0 18 29 30 18 29 30 1
0 18 30 31 18 30 31 1
0 29 28 32 29 28 32 1
0 29 32 33 29 32 33 1
0 29 33 34 29 33 34 1
0 29 34 35 29 34 35 1
0 36 37 38 36 37 38 1
0 36 38 39 36 38 39 1
0 36 39 40 36 39 40 1
0 36 40 41 36 40 41 1
0 36 41 42 36 41 42 1
0 43 44 16 43 44 16 1
0 43 16 15 43 16 15 1
0 43 15 45 43 15 45 1
0 43 45 46 43 45 46 1
0 47 48 49 47 48 49 1
0 47 49 50 47 49 50 1
0 47 50 51 47 50 51 1
0 37 36 52 37 36 52 1
0 37 52 53 37 52 53 1
0 54 55 56 54 55 56 1
0 54 56 22 54 56 22 1
0 54 22 21 54 22 21 1
0 53 52 57 53 52 57 1
0 53 57 58 53 57 58 1
0 53 58 59 53 58 59 1
0 44 43 60 44 43 60 1
0 44 60 61 44 60 61 1
0 44 61 62 44 61 62 1
0 44 62 63 44 62 63 1
0 55 54 64 55 54 64 1
0 55 64 35 55 64 35 1
0 55 35 34 55 35 34 1
0 50 49 10 50 49 10 1
0 50 10 9 50 10 9 1
0 1 0 62 1 0 62 1
0 1 62 61 1 62 61 1
0 20 19 65 20 19 65 1
0 20 65 66 20 65 66 1
0 20 66 67 20 66 67 1
0 3 2 68 3 2 68 1
0 3 68 24 3 68 24 1
0 3 24 23 3 24 23 1
0 67 66 69 67 66 69 1
0 67 69 58 67 69 58 1
0 67 58 57 67 58 57 1
"holeTop" 1 1
265
1 30.672905 119.882050 -46.523697 0.537432 0.425851 -1
1 28.197407 126.564346 -36.012398 0.532123 0.440439 -1
1 41.626781 122.048843 -39.068497 0.546145 0.436617 -1
1 46.114079 123.653038 -28.422796 0.547831 0.450849 -1
1 22.020706 129.252457 -28.109699 0.526393 0.446760 -1
1 34.415218 126.121948 -22.778698 0.536821 0.454661 -1
1 59.023182 117.402649 -31.912998 0.563194 0.446651 -1
1 67.799683 111.752548 -24.894199 0.573484 0.458268 -1
1 44.036282 121.680138 -18.280796 0.546713 0.462524 -1
1 19.027405 124.738647 -12.440397 0.523802 0.465738 -1
1 19.321804 129.007156 -24.153799 0.521964 0.454528 -1
1 5.486725 125.907143 -12.751796 0.509305 0.465367 -1
1 -3.960075 128.413132 -24.284899 0.502769 0.449886 -1
1 -15.794689 124.427345 -33.517197 0.492353 0.436472 -1
1 -12.403183 125.256554 -17.561497 0.493388 0.456279 -1
1 -0.088775 128.545853 -32.053200 0.506547 0.441566 -1
1 -2.022677 123.099243 -43.556595 0.505548 0.426251 -1
1 14.116020 -50.189648 -110.065399 0.557901 0.046008 -1
1 35.311214 -56.855347 -97.152901 0.620390 0.025143 -1
1 -42.725117 -57.347847 -99.454109 0.412259 0.011012 -1
1 4.744326 -40.486946 -117.988007 0.532950 0.082523 -1
1 -40.354321 -40.056149 -117.929100 0.434116 0.088765 -1
1 -47.464520 -25.552944 -118.367699 0.421976 0.127012 -1
1 -45.876820 -50.692142 -109.884407 0.412286 0.050737 -1
1 -122.785339 -52.909752 -90.668503 0.234843 0.134569 -1
1 -69.594025 -43.472847 -111.979805 0.363986 0.090401 -1
1 -101.300720 -34.027245 -107.046402 0.312212 0.149299 -1
1 -135.032089 -45.678242 -92.391006 0.227849 0.173438 -1
1 -119.270325 -59.453148 -79.672600 0.214409 0.102369 -1
1 -185.751083 -56.908951 -53.389996 0.115568 0.276108 -1
1 -180.505905 -39.726646 -68.171501 0.163429 0.275122 -1
1 -195.484482 -49.901142 -53.162098 0.123995 0.303619 -1
1 -161.560074 -62.095352 -55.373692 0.115747 0.204584 -1
1 -219.913193 -60.828346 -7.038098 0.066855 0.403200 -1
1 -192.372299 -64.679245 -26.655298 0.059453 0.315821 -1
1 -210.337173 -68.572746 19.011702 0.026258 0.453730 -1
1 -212.333389 -41.865547 -33.910599 0.114655 0.361531 -1
1 -227.116898 -54.212646 -5.587897 0.080137 0.415309 -1
1 -223.882797 -64.245049 30.067802 0.052638 0.483232 -1
1 -217.613968 -32.653343 -5.472098 0.117641 0.427410 -1
1 -224.277359 -44.424847 -10.483696 0.096394 0.410194 -1
1 -229.542770 -48.980347 19.059601 0.080807 0.463648 -1
1 -229.395981 -57.661545 29.875504 0.066394 0.482481 -1
1 -213.411270 -67.742851 59.561798 0.048248 0.554240 -1
1 -220.086197 -35.987446 17.855701 0.106274 0.469976 -1
1 -222.104691 -51.079247 47.669605 0.076859 0.519334 -1
1 -218.864670 -61.168747 58.872005 0.061791 0.545418 -1
1 -198.637894 -72.832047 58.929504 0.019787 0.574004 -1
1 -154.799881 -79.882347 107.525398 0.068181 0.767402 -1
1 -194.639877 -58.454247 87.958092 0.083081 0.629244 -1
1 -185.629501 -67.337448 99.433800 0.074908 0.670526 -1
1 -188.081589 -47.388748 83.288200 0.108829 0.619433 -1
1 -181.247787 -73.566551 98.069405 0.062338 0.683350 -1
1 -156.304672 -68.126945 122.371490 0.111805 0.753556 -1
1 -147.008682 -49.527546 113.297600 0.153481 0.729199 -1
1 -122.181732 -65.352844 132.933884 0.163089 0.815635 -1
1 -154.345383 -75.655449 119.581497 0.096897 0.766632 -1
1 -120.135513 -74.763847 131.905167 0.152325 0.840502 -1
1 15.223919 -47.785641 115.783607 0.484012 0.917857 -1
1 -91.960022 -68.592651 133.666183 0.216470 0.874730 -1
1 7.329725 -54.969246 116.688301 0.461912 0.939485 -1
1 -33.187222 -35.731346 113.786301 0.389640 0.847547 -1
1 -87.602524 -52.012142 128.366776 0.253180 0.832020 -1
1 47.957577 -34.566944 105.533302 0.551190 0.846984 -1
1 -11.994781 -62.996346 114.204300 0.409971 0.964784 -1
1 48.434780 -57.764549 106.328201 0.571678 0.959541 -1
1 95.643478 -40.638042 105.238403 0.681246 0.876010 -1
1 105.693970 -15.697845 86.754593 0.701522 0.796194 -1
1 126.431076 -38.961647 105.346794 0.764287 0.850495 -1
1 113.741287 -55.107544 101.885201 0.744014 0.917350 -1
1 112.491180 -48.694946 104.819794 0.735822 0.893089 -1
1 184.181808 -26.653244 110.989792 0.863697 0.752478 -1
1 197.584915 -39.659546 118.630692 0.896655 0.752500 -1
1 205.638504 -54.811150 106.210205 0.937367 0.753187 -1
1 195.696213 -47.538044 118.452202 0.905239 0.764956 -1
1 178.159805 -54.597649 111.964500 0.899000 0.815576 -1
1 209.833603 -28.470547 111.749802 0.894943 0.722744 -1
1 225.930405 -40.218147 112.034500 0.916135 0.714041 -1
1 236.138199 -31.212143 78.619499 0.915568 0.664518 -1
1 220.824600 -15.467545 79.170998 0.888802 0.663833 -1
1 226.468796 -31.427444 105.389900 0.909195 0.703027 -1
1 211.645523 -14.269444 92.034401 0.877712 0.686284 -1
1 221.564713 -48.053642 110.286308 0.923917 0.721640 -1
1 217.255814 -55.230751 67.556404 0.975750 0.656810 -1
1 233.041214 -48.419044 82.947395 0.939747 0.678876 -1
1 221.970291 -48.787544 44.107704 0.953926 0.595434 -1
1 177.984299 -56.073547 -9.929597 0.952427 0.391469 -1
1 221.896194 -28.435944 34.824905 0.909318 0.581539 -1
1 217.897934 -13.403845 49.365307 0.884882 0.606976 -1
1 185.227707 -41.529945 -32.431999 0.889216 0.382806 -1
1 198.505814 -29.340546 -10.289299 0.882897 0.467910 -1
1 223.835037 -40.833744 35.029305 0.932302 0.575234 -1
1 188.511703 -49.224945 -17.762596 0.920382 0.406529 -1
1 148.397690 -56.529747 -48.257298 0.889679 0.258067 -1
1 156.327194 -42.250446 -65.127296 0.839434 0.285565 -1
1 176.135605 -32.729046 -45.875599 0.855237 0.360996 -1
1 156.769699 -50.052143 -57.158600 0.863065 0.282534 -1
1 104.258774 -56.742050 -79.534294 0.790834 0.131914 -1
1 126.473877 -46.683643 -84.804207 0.792538 0.204808 -1
1 143.418503 -32.429844 -77.650894 0.800549 0.268177 -1
1 160.029526 -18.051445 -57.128296 0.807463 0.337115 -1
1 86.073578 -42.877342 -103.673508 0.708981 0.143889 -1
1 115.700378 -31.312145 -95.109497 0.751796 0.215242 -1
1 80.924881 -50.231941 -98.965897 0.712971 0.114497 -1
1 41.427876 -30.253845 -115.414703 0.603678 0.126577 -1
1 -36.379917 -8.457445 -115.976006 0.447103 0.161660 -1
1 2.388726 -17.104446 -118.747406 0.522186 0.138669 -1
1 -2.764178 8.751855 -110.115402 0.511472 0.200340 -1
1 -79.194519 -13.972544 -110.269707 0.364157 0.171983 -1
1 -45.027729 8.327055 -108.224503 0.435159 0.205679 -1
1 -114.422516 -15.494844 -99.187302 0.297908 0.205754 -1
1 -138.075607 -35.540043 -93.095802 0.241680 0.197451 -1
1 -84.061325 6.779955 -99.297005 0.365043 0.227408 -1
1 -112.579025 4.741654 -88.714806 0.314024 0.256795 -1
1 -147.574295 -20.147846 -84.104897 0.236028 0.246407 -1
1 -144.768387 -0.313645 -71.480896 0.256097 0.293976 -1
1 -181.743881 -28.435246 -62.872803 0.172655 0.298281 -1
1 -185.836716 -20.650043 -51.631298 0.175948 0.329120 -1
1 -204.020370 -25.396244 -27.797096 0.144535 0.376847 -1
1 -183.491196 -4.885744 -5.782897 0.185823 0.433370 -1
1 -183.110001 -7.820845 15.262602 0.176451 0.475554 -1
1 -206.058456 -33.484745 42.021305 0.114961 0.521057 -1
1 -136.654404 -16.655144 78.299103 0.215900 0.644857 -1
1 -114.092224 -48.731247 123.002602 0.202158 0.785861 -1
1 -106.774429 -13.592445 88.750694 0.261923 0.692195 -1
1 -82.720535 -9.330444 90.354500 0.309863 0.716846 -1
1 -36.288219 -4.044344 87.984909 0.398400 0.749525 -1
1 61.366482 11.768953 63.056801 0.595331 0.710418 -1
1 16.249817 0.656155 78.418800 0.505332 0.749002 -1
1 92.549377 44.624256 32.592602 0.641622 0.602657 -1
1 129.785721 14.774755 61.520798 0.720795 0.669897 -1
1 154.467514 21.872355 50.583202 0.760434 0.623174 -1
1 183.617813 -10.843346 94.932602 0.841535 0.708945 -1
1 151.569626 38.014053 20.825302 0.740957 0.553383 -1
1 143.923416 48.151455 4.984603 0.718564 0.514795 -1
1 170.686111 22.312756 -1.896597 0.787381 0.498574 -1
1 173.620316 -11.771744 -35.276100 0.819624 0.400137 -1
1 146.176224 40.784859 -24.175396 0.733396 0.452846 -1
1 83.282288 -14.921347 -103.895699 0.676062 0.200826 -1
1 80.079178 5.007955 -97.250908 0.657910 0.243993 -1
1 119.630569 -7.333145 -85.651802 0.727930 0.268398 -1
1 38.225185 -0.065545 -109.360008 0.588867 0.197102 -1
1 85.860184 -32.492344 -105.724007 0.691628 0.165671 -1
1 -9.235878 43.892056 -92.024506 0.498953 0.282396 -1
1 -43.204121 42.529160 -88.941597 0.445322 0.289571 -1
1 -95.555023 62.538555 -42.312294 0.370809 0.388210 -1
1 -128.470291 39.857353 -29.621098 0.297935 0.406225 -1
1 -138.799789 34.014656 -11.275398 0.284647 0.438765 -1
1 -162.785904 -14.623745 55.787601 0.187769 0.575334 -1
1 -121.861145 29.136854 37.825207 0.290654 0.533147 -1
1 -176.928177 -11.444044 35.182102 0.180826 0.525246 -1
1 -21.688293 17.396154 71.586906 0.432392 0.693718 -1
1 -44.067127 36.580254 60.934700 0.410300 0.632451 -1
1 8.171719 31.497856 56.547108 0.493274 0.652761 -1
1 126.247879 46.977257 24.083900 0.696132 0.563453 -1
1 139.177505 53.214157 -11.694098 0.704965 0.480385 -1
1 137.985611 -8.153944 -72.275497 0.760059 0.307759 -1
1 138.548599 38.932953 -35.990898 0.718197 0.421305 -1
1 118.628067 44.037155 -51.037998 0.686559 0.386225 -1
1 3.341723 15.761255 -105.892899 0.519816 0.218622 -1
1 5.276324 8.576255 -109.199799 0.526059 0.203209 -1
1 5.707525 7.672653 -109.592201 0.527184 0.201347 -1
1 19.038006 9.693055 -106.932800 0.550483 0.211313 -1
1 34.767521 14.760155 -102.469803 0.576950 0.229123 -1
1 -9.507580 73.015854 -79.362503 0.497816 0.341989 -1
1 0.278224 74.891754 -78.005600 0.510344 0.345454 -1
1 -0.556376 66.299355 -81.791794 0.509504 0.327907 -1
1 -0.766077 52.134056 -87.969200 0.509617 0.298935 -1
1 -47.466320 105.481354 -27.318998 0.451162 0.438599 -1
1 -44.335621 107.128647 -16.704899 0.455079 0.452323 -1
1 -139.319077 31.245455 6.884502 0.277249 0.471181 -1
1 -5.929475 109.243950 5.373402 0.493701 0.493688 -1
1 -66.727722 34.404358 60.976196 0.373200 0.623941 -1
1 68.819183 73.182655 11.077003 0.585498 0.549162 -1
1 91.408371 77.267250 -0.411097 0.621939 0.507485 -1
1 97.124573 82.013657 -10.912298 0.626058 0.485393 -1
1 102.576782 82.298256 -22.979397 0.633579 0.463120 -1
1 81.865372 98.489746 -37.191994 0.596819 0.442109 -1
1 96.208176 44.761154 -65.431000 0.653800 0.353968 -1
1 85.276779 85.320755 -48.765594 0.613121 0.410106 -1
1 67.925186 65.815857 17.312202 0.586678 0.568506 -1
1 68.995193 64.501656 18.304501 0.589219 0.570985 -1
1 70.034286 62.860756 19.572403 0.591828 0.574315 -1
1 71.889282 60.077251 21.714104 0.596431 0.579890 -1
1 82.593674 37.995853 39.096504 0.625336 0.627293 -1
1 72.935272 27.198654 49.050404 0.611241 0.662241 -1
1 67.608398 23.380554 52.756908 0.602633 0.676110 -1
1 62.573277 21.714054 54.639400 0.593738 0.684305 -1
1 5.490924 104.084351 9.664504 0.506955 0.513406 -1
1 -132.388382 30.796257 21.819502 0.282090 0.501501 -1
1 -3.481375 105.513947 -59.523499 0.503962 0.396208 -1
1 13.175518 94.469353 -67.752594 0.521333 0.379421 -1
1 -26.252594 83.258049 -70.516006 0.476110 0.362174 -1
1 -20.986992 110.751755 -50.074799 0.484789 0.410783 -1
1 -58.580029 61.262657 -72.861305 0.426163 0.336507 -1
1 -65.676422 75.396255 -57.441998 0.420164 0.372822 -1
1 -39.232014 107.595055 -39.772095 0.462046 0.421600 -1
1 -31.572132 113.310242 -10.454699 0.467766 0.465639 -1
1 -99.391220 31.202457 51.942101 0.320965 0.582518 -1
1 -22.530998 110.334450 0.145304 0.476005 0.483573 -1
1 -81.867233 34.838856 56.433304 0.349709 0.598416 -1
1 73.218185 91.008354 -4.628997 0.591267 0.498383 -1
1 56.429478 112.407944 -14.075699 0.561779 0.471288 -1
1 65.898895 86.839249 -60.079098 0.587139 0.393128 -1
1 63.660381 108.846756 -43.235298 0.571776 0.430138 -1
1 13.803320 93.870255 -68.021500 0.522369 0.378406 -1
1 13.352619 93.525253 -68.211998 0.521875 0.377802 -1
1 0.840724 78.247452 -76.320198 0.510016 0.351236 -1
1 0.553326 77.619255 -76.643806 0.509833 0.350149 -1
1 18.873207 116.081047 -52.313793 0.524701 0.413197 -1
1 -23.050194 122.054947 -26.011198 0.484098 0.445003 -1
1 20.069004 119.748245 -5.592997 0.523354 0.478268 -1
1 35.915401 111.019356 -3.595398 0.540270 0.488314 -1
1 46.844181 103.502251 -56.584499 0.555922 0.405638 -1
1 10.229620 126.652649 -39.729393 0.516550 0.433330 -1
1 -100.433121 -78.244446 126.935257 0.179828 0.891685 -1
1 238.535233 -40.426144 83.358200 0.927640 0.674000 -1
1 72.137375 30.997854 -84.998207 0.628892 0.295252 -1
1 76.328476 35.372253 -80.379204 0.632070 0.310335 -1
1 73.233780 42.925655 -77.182106 0.622328 0.324071 -1
1 57.358280 22.004654 -93.601601 0.612380 0.265041 -1
1 61.162380 23.222956 -91.987503 0.617347 0.270416 -1
1 71.232376 30.044655 -85.745407 0.628145 0.292521 -1
1 -0.875475 43.917755 -91.316902 0.511205 0.284620 -1
1 -0.917875 41.773659 -92.457108 0.511328 0.279500 -1
1 -0.185175 37.622158 -94.597099 0.512760 0.269798 -1
1 1.883425 21.247555 -103.105606 0.517205 0.231317 -1
1 9.156820 34.580956 54.269901 0.495175 0.646128 -1
1 7.925226 38.171959 52.236404 0.494532 0.639948 -1
1 6.831425 41.348053 50.375702 0.493259 0.634297 -1
1 6.532426 42.956955 49.383202 0.493104 0.631317 -1
1 6.421624 43.423855 49.099899 0.493012 0.630464 -1
1 6.281225 46.819954 46.909500 0.493623 0.623951 -1
1 6.843528 67.460350 33.319504 0.500052 0.583719 -1
1 9.820919 32.631454 55.310604 0.495782 0.649944 -1
1 47.692883 16.781553 60.757805 0.564580 0.700325 -1
1 25.638405 13.608955 66.391899 0.519650 0.713312 -1
1 17.379509 12.431654 69.131393 0.507119 0.713816 -1
1 16.171818 14.579555 67.751503 0.505301 0.706875 -1
1 29.459507 95.138954 8.966601 0.531680 0.518545 -1
1 41.537380 94.394257 4.961003 0.548122 0.512327 -1
1 43.240482 93.314049 5.020403 0.550452 0.513062 -1
1 48.503376 87.515549 6.779203 0.557683 0.519400 -1
1 59.539280 75.515556 12.463802 0.572844 0.547090 -1
1 38.386883 92.998955 -64.509499 0.551429 0.382926 -1
1 37.767780 93.399849 -64.362297 0.550504 0.383554 -1
1 16.381718 94.546249 -67.176102 0.525026 0.380383 -1
1 14.707018 94.554451 -67.447098 0.523072 0.379975 -1
1 64.398102 70.184349 14.365902 0.578782 0.556631 -1
1 64.418701 70.158058 14.376303 0.578807 0.556679 -1
1 65.577393 68.710258 15.229801 0.580555 0.561486 -1
1 16.782413 92.579254 14.268503 0.517833 0.528430 -1
1 17.733212 93.851952 13.139603 0.518986 0.525820 -1
1 19.859707 95.580849 11.371103 0.521446 0.521916 -1
1 22.596401 95.551254 10.620402 0.524373 0.520788 -1
1 70.957275 48.355957 -75.716293 0.616039 0.331021 -1
1 67.936890 53.495956 -74.739197 0.608861 0.336596 -1
1 52.741085 76.337555 -69.863800 0.577399 0.365535 -1
1 51.409580 78.183853 -69.203201 0.574830 0.367636 -1
1 38.898777 92.671051 -64.555199 0.552213 0.382738 -1
1 54.122280 74.427155 -70.506599 0.580039 0.363472 -1
1 65.394104 57.848858 -73.728203 0.603267 0.342412 -1
1 62.592480 62.930157 -72.481598 0.596939 0.349316 -1
1 7.155227 79.010551 25.667402 0.503116 0.561064 -1
1 7.715426 80.473450 24.562702 0.504129 0.557856 -1
265
0.185589 0.760616 -0.622110
0.167099 0.924048 -0.343823
0.301180 0.850369 -0.431466
0.332538 0.943088 -0.001854
0.091840 0.994126 -0.057263
0.214462 0.944494 0.248870
0.487406 0.844220 -0.222997
0.545829 0.813388 0.201170
0.325612 0.839871 0.434273
0.143287 0.879898 0.453044
0.068032 0.970843 0.229860
-0.051806 0.873224 0.484558
-0.131741 0.987714 0.084053
-0.343938 0.902864 -0.257960
-0.291832 0.913774 0.282579
-0.122308 0.965519 -0.229811
-0.159935 0.795263 -0.584789
0.054735 -0.715750 -0.696208
0.076028 -0.862943 -0.499548
-0.044997 -0.861288 -0.506121
0.060769 -0.276762 -0.959015
-0.083164 -0.360623 -0.928997
-0.101250 0.050001 -0.993604
-0.070939 -0.726287 -0.683721
-0.189305 -0.773455 -0.604922
-0.187278 -0.478923 -0.857648
-0.268872 -0.055353 -0.961584
-0.368504 -0.444309 -0.816575
-0.178160 -0.863775 -0.471330
-0.335758 -0.802031 -0.493976
-0.604543 0.024710 -0.796189
-0.626308 -0.449389 -0.637014
-0.223347 -0.888112 -0.401713
-0.494835 -0.816924 -0.296265
-0.285421 -0.915221 -0.284438
-0.324034 -0.942635 -0.080251
-0.802827 0.225778 -0.551808
-0.892544 -0.333733 -0.303293
-0.601946 -0.797601 -0.038651
-0.751868 0.652881 -0.091873
-0.884600 0.381500 -0.268218
-0.929321 0.367338 0.037744
-0.943909 -0.293382 0.151536
-0.542188 -0.814179 0.207713
-0.682319 0.712505 0.163636
-0.769156 0.494415 0.404910
-0.857876 -0.134996 0.495807
-0.322083 -0.943950 0.072258
-0.218487 -0.945533 0.241310
-0.646330 0.404513 0.647014
-0.707341 -0.263060 0.656100
-0.485591 0.678415 0.551320
-0.507680 -0.718455 0.475483
-0.497729 0.077299 0.863881
-0.317363 0.648592 0.691816
-0.166807 0.298549 0.939704
-0.356125 -0.715039 0.601576
-0.133115 -0.595168 0.792499
0.113618 0.231421 0.966196
0.101704 -0.165713 0.980916
0.176702 -0.500290 0.847636
0.056141 0.591449 0.804385
0.012208 0.515748 0.856653
0.072545 0.584619 0.808058
0.187368 -0.672604 0.715889
0.119059 -0.590368 0.798305
0.046248 0.375681 0.925595
-0.040818 0.629022 0.776316
-0.127567 0.280134 0.951447
-0.065034 -0.438555 0.896348
0.018328 -0.192413 0.981143
-0.091159 0.591710 0.800980
0.022030 0.240289 0.970451
0.245345 -0.894826 0.372950
0.023572 -0.373514 0.927325
-0.009688 -0.663468 0.748142
0.198242 0.625673 0.754475
0.609159 -0.065502 0.790338
0.896980 0.439152 -0.050723
0.583910 0.785856 0.203662
0.662975 0.589189 0.461867
0.325046 0.826367 0.459852
0.439102 -0.709355 0.551367
0.396740 -0.915236 -0.070282
0.672646 -0.738236 0.050541
0.589266 -0.772224 -0.237562
0.384807 -0.895492 -0.223645
0.862012 0.358585 -0.358263
0.745046 0.650108 -0.149217
0.772661 -0.327170 -0.544017
0.837568 0.249554 -0.486007
0.896662 -0.235464 -0.374905
0.554737 -0.753210 -0.353471
0.342226 -0.885045 -0.315559
0.645615 -0.336205 -0.685674
0.764789 0.132247 -0.630562
0.459972 -0.753965 -0.469002
0.228698 -0.863690 -0.449152
0.412829 -0.556500 -0.721027
0.614025 0.085397 -0.784653
0.683712 0.384854 -0.620020
0.234302 -0.409449 -0.881733
0.423996 -0.004430 -0.905653
0.171601 -0.763311 -0.622824
0.168558 0.003988 -0.985684
-0.080947 0.292849 -0.952726
0.048073 0.162386 -0.985555
0.031181 0.402616 -0.914838
-0.227972 0.278021 -0.933131
-0.131610 0.433294 -0.891591
-0.360466 0.313650 -0.878458
-0.433139 0.038182 -0.900518
-0.272071 0.467740 -0.840950
-0.401579 0.523829 -0.751224
-0.493388 0.370307 -0.787046
-0.525974 0.590061 -0.612519
-0.628295 0.411222 -0.660411
-0.642832 0.608926 -0.464733
-0.701821 0.665649 -0.253690
-0.638041 0.769494 0.027966
-0.591506 0.774357 0.224704
-0.561744 0.743664 0.362503
-0.380134 0.701098 0.603292
-0.160646 0.645045 0.747067
-0.239555 0.663170 0.709097
-0.084894 0.628227 0.773385
0.043114 0.610574 0.790785
0.230334 0.628666 0.742783
0.127185 0.616170 0.777277
0.083404 0.692613 0.716471
-0.012013 0.736087 0.676780
0.166265 0.832260 0.528865
0.054633 0.780323 0.622986
0.370860 0.845214 0.384807
0.579812 0.804430 0.129272
0.751849 0.595133 -0.283797
0.746450 0.436483 -0.502290
0.699747 0.591204 -0.401039
0.285003 0.245333 -0.926598
0.272733 0.441041 -0.855044
0.466409 0.378240 -0.799623
0.166328 0.350169 -0.921801
0.274249 -0.021312 -0.961423
0.029507 0.438528 -0.898233
-0.183113 0.475365 -0.860522
-0.583185 0.715510 -0.384632
-0.628130 0.744538 -0.226087
-0.635760 0.771830 -0.009371
-0.470026 0.718840 0.512196
-0.470071 0.717220 0.514420
-0.539992 0.743724 0.394061
0.112411 0.564332 0.817859
0.005031 0.582395 0.812890
0.016771 0.561411 0.827367
0.221757 0.783698 0.580208
0.678417 0.724273 -0.123206
0.596873 0.407958 -0.690879
0.637673 0.521523 -0.566911
0.542655 0.484701 -0.685997
0.085808 0.458202 -0.884697
0.111082 0.440009 -0.891096
-0.086602 -0.888399 -0.450829
-0.111083 -0.440014 0.891094
0.197264 0.450643 -0.870637
-0.061469 0.463296 -0.884069
0.050569 0.398596 -0.915731
0.050567 0.398598 -0.915730
0.063809 0.387025 -0.919859
-0.595446 0.794310 -0.120483
-0.565832 0.807335 0.167467
-0.613127 0.763048 0.204531
-0.083201 0.688695 0.720262
-0.134881 0.618603 0.774040
0.286040 0.594941 0.751150
0.273668 0.709673 0.649208
0.457619 0.764904 0.453328
0.633624 0.773616 0.006294
0.626595 0.704459 -0.333341
0.417243 0.464311 -0.781232
0.537782 0.537756 -0.649315
0.845954 0.280959 0.453237
-0.074758 -0.638937 -0.765618
-0.074785 -0.638933 -0.765619
-0.074781 -0.638934 -0.765618
0.855003 -0.436384 0.280247
0.074774 0.638932 0.765620
0.074763 0.638938 0.765616
0.094371 0.636464 0.765512
-0.009835 0.584201 0.811549
-0.549983 0.758068 0.350501
-0.116594 0.602821 -0.789311
-0.018656 0.530352 -0.847572
-0.231019 0.542748 -0.807499
-0.333442 0.678850 -0.654201
-0.326068 0.554106 -0.765928
-0.459176 0.641968 -0.614032
-0.515752 0.765616 -0.384488
-0.455386 0.808703 0.372321
-0.356967 0.681593 0.638752
-0.278806 0.755932 0.592313
-0.241904 0.665596 0.706020
0.322273 0.598041 0.733817
0.384355 0.689973 0.613359
0.386836 0.466795 -0.795274
0.422921 0.689411 -0.588090
0.089223 0.484181 -0.870407
0.039276 0.443162 -0.895581
0.828946 -0.514720 -0.218888
-0.038839 -0.443417 0.895474
0.039065 0.671053 -0.740380
-0.489998 0.871715 0.003786
0.159585 0.721675 0.673586
0.267257 0.577486 0.771417
0.232329 0.554293 -0.799239
0.013940 0.888741 -0.458197
0.111858 -0.766194 0.632799
0.989388 -0.083235 0.119097
0.316683 0.481925 -0.816982
0.366878 0.486045 -0.793196
0.381188 0.438623 -0.813821
0.202643 0.456858 -0.866150
0.213346 0.469187 -0.856940
0.213346 0.469189 -0.856939
0.075180 0.421775 -0.903578
0.073140 0.467132 -0.881157
0.073131 0.467116 -0.881166
0.073133 0.467112 -0.881169
0.232764 0.528587 0.816343
0.187035 0.537847 0.822033
0.160765 0.539639 0.826404
0.160732 0.539641 0.826409
0.979175 0.017424 -0.202267
-0.161138 -0.539643 -0.826329
-0.536377 -0.471791 -0.699795
0.200366 0.574306 0.793742
0.104154 0.635137 0.765345
0.139029 0.617829 0.773924
0.173654 0.599540 0.781279
0.173654 0.599542 0.781277
0.004712 0.849909 -0.526909
-0.066629 0.851742 -0.519707
0.298332 0.514585 0.803866
0.281409 0.558178 0.780542
0.265883 0.601530 0.753304
-0.613017 -0.606841 -0.505919
-0.138686 -0.522911 0.841029
-0.138641 -0.523210 0.840851
0.147942 -0.850474 -0.504785
-0.248402 -0.518349 -0.818298
0.178107 0.602442 0.778037
0.139033 0.617836 0.773918
-0.226983 -0.545871 -0.806538
-0.226970 -0.545858 -0.806550
-0.227064 -0.545784 -0.806574
-0.227153 -0.545717 -0.806594
-0.394462 -0.389967 0.832061
0.339814 0.396571 -0.852794
0.951870 0.060956 0.300380
-0.222211 -0.466569 0.856117
-0.222426 -0.466708 0.855985
0.254746 0.468747 -0.845802
0.339919 0.396620 -0.852730
0.807519 0.342533 0.480192
-0.212679 -0.535667 -0.817208
-0.212647 -0.535672 -0.817212
446
1 0 1 2 0 1 2 1
1 3 4 5 3 4 5 1
1 2 3 6 2 3 6 1
1 3 7 6 3 7 6 1
1 3 8 7 3 8 7 1
1 5 8 3 5 8 3 1
1 5 9 8 5 9 8 1
1 9 10 11 9 10 11 1
1 11 10 12 11 10 12 1
1 12 13 14 12 13 14 1
1 15 16 13 15 16 13 1
1 17 18 19 17 18 19 1
1 20 17 21 20 17 21 1
1 21 22 20 21 22 20 1
1 23 21 17 23 21 17 1
1 24 25 23 24 25 23 1
1 22 21 26 22 21 26 1
1 26 25 27 26 25 27 1
1 28 24 19 28 24 19 1
1 29 27 24 29 27 24 1
1 30 27 31 30 27 31 1
1 32 29 28 32 29 28 1
1 31 29 33 31 29 33 1
1 34 29 32 34 29 32 1
1 35 33 34 35 33 34 1
1 36 31 37 36 31 37 1
1 37 33 38 37 33 38 1
1 39 40 41 39 40 41 1
1 42 38 43 42 38 43 1
1 44 41 45 44 41 45 1
1 41 37 42 41 37 42 1
1 45 42 46 45 42 46 1
1 43 47 48 43 47 48 1
1 49 46 50 49 46 50 1
1 51 45 49 51 45 49 1
1 50 43 52 50 43 52 1
1 51 49 53 51 49 53 1
1 54 53 55 54 53 55 1
1 53 56 57 53 56 57 1
1 58 59 60 58 59 60 1
1 61 62 63 61 62 63 1
1 62 59 58 62 59 58 1
1 60 64 65 60 64 65 1
1 63 58 66 63 58 66 1
1 67 66 68 67 66 68 1
1 69 70 65 69 70 65 1
1 71 68 72 71 68 72 1
1 73 74 75 73 74 75 1
1 76 72 77 76 72 77 1
1 75 74 69 75 74 69 1
1 78 79 80 78 79 80 1
1 81 76 80 81 76 80 1
1 82 77 74 82 77 74 1
1 83 84 73 83 84 73 1
1 85 83 86 85 83 86 1
1 87 88 78 87 88 78 1
1 89 90 91 89 90 91 1
1 92 91 85 92 91 85 1
1 92 86 93 92 86 93 1
1 94 95 89 94 95 89 1
1 96 89 92 96 89 92 1
1 96 93 97 96 93 97 1
1 98 99 94 98 99 94 1
1 99 100 95 99 100 95 1
1 101 102 98 101 102 98 1
1 103 97 18 103 97 18 1
1 103 101 98 103 101 98 1
1 20 104 101 20 104 101 1
1 105 106 22 105 106 22 1
1 107 106 105 107 106 105 1
1 108 22 26 108 22 26 1
1 109 105 108 109 105 108 1
1 110 26 111 110 26 111 1
1 112 108 110 112 108 110 1
1 113 110 114 113 110 114 1
1 114 111 30 114 111 30 1
1 115 114 116 115 114 116 1
1 115 116 117 115 116 117 1
1 117 116 36 117 116 36 1
1 118 36 40 118 36 40 1
1 119 39 44 119 39 44 1
1 120 44 121 120 44 121 1
1 121 44 45 121 44 45 1
1 54 122 51 54 122 51 1
1 123 124 54 123 124 54 1
1 62 125 123 62 125 123 1
1 61 126 62 61 126 62 1
1 126 61 63 126 61 63 1
1 127 128 63 127 128 63 1
1 129 67 130 129 67 130 1
1 129 127 67 129 127 67 1
1 127 63 67 127 63 67 1
1 130 67 71 130 67 71 1
1 131 132 81 131 132 81 1
1 132 71 76 132 71 76 1
1 79 133 81 79 133 81 1
1 133 131 81 133 131 81 1
1 88 134 79 88 134 79 1
1 87 135 88 87 135 88 1
1 136 137 135 136 137 135 1
1 90 135 87 90 135 87 1
1 100 136 95 100 136 95 1
1 138 139 140 138 139 140 1
1 102 140 99 102 140 99 1
1 106 141 104 106 141 104 1
1 141 139 138 141 139 138 1
1 104 138 142 104 138 142 1
1 143 107 109 143 107 109 1
1 144 109 112 144 109 112 1
1 145 115 117 145 115 117 1
1 146 117 118 146 117 118 1
1 147 118 119 147 118 119 1
1 148 149 150 148 149 150 1
1 122 149 148 122 149 148 1
1 151 152 126 151 152 126 1
1 128 153 151 128 153 151 1
1 154 130 131 154 130 131 1
1 154 129 130 154 129 130 1
1 154 131 133 154 131 133 1
1 137 155 135 137 155 135 1
1 156 157 100 156 157 100 1
1 156 158 157 156 158 157 1
1 140 158 156 140 158 156 1
1 107 159 160 107 159 160 1
1 107 160 161 107 160 161 1
1 107 161 162 107 161 162 1
1 107 162 163 107 162 163 1
1 107 163 141 107 163 141 1
1 143 164 165 143 164 165 1
1 143 165 166 143 165 166 1
1 143 166 167 143 166 167 1
1 143 144 164 143 144 164 1
1 168 145 146 168 145 146 1
1 169 147 170 169 147 170 1
1 152 171 172 152 171 172 1
1 173 129 174 173 129 174 1
1 175 133 134 175 133 134 1
1 155 176 134 155 176 134 1
1 177 176 137 177 176 137 1
1 178 179 158 178 179 158 1
1 157 177 137 157 177 137 1
1 127 129 173 127 129 173 1
1 127 173 180 127 173 180 1
1 127 180 181 127 180 181 1
1 127 181 182 127 181 182 1
1 127 182 183 127 182 183 1
1 127 183 184 127 183 184 1
1 127 184 185 127 184 185 1
1 127 185 186 127 185 186 1
1 127 186 187 127 186 187 1
1 151 188 152 151 188 152 1
1 126 152 125 126 152 125 1
1 125 172 124 125 172 124 1
1 149 189 150 149 189 150 1
1 190 191 164 190 191 164 1
1 190 164 192 190 164 192 1
1 193 192 194 193 192 194 1
1 193 194 195 193 194 195 1
1 196 195 145 196 195 145 1
1 168 146 147 168 146 147 1
1 149 197 189 149 197 189 1
1 198 199 149 198 199 149 1
1 200 199 198 200 199 198 1
1 171 199 200 171 199 200 1
1 201 173 174 201 173 174 1
1 202 201 175 202 201 175 1
1 7 175 176 7 175 176 1
1 7 202 175 7 202 175 1
1 177 7 176 177 7 176 1
1 203 204 179 203 204 179 1
1 191 205 206 191 205 206 1
1 191 206 207 191 206 207 1
1 191 207 208 191 207 208 1
1 191 208 165 191 208 165 1
1 191 165 164 191 165 164 1
1 209 191 190 209 191 190 1
1 16 190 193 16 190 193 1
1 13 193 196 13 193 196 1
1 210 196 168 210 196 168 1
1 210 168 169 210 168 169 1
1 199 14 197 199 14 197 1
1 171 11 199 171 11 199 1
1 211 11 171 211 11 171 1
1 212 211 188 212 211 188 1
1 211 212 202 211 212 202 1
1 8 202 7 8 202 7 1
1 6 7 177 6 7 177 1
1 204 6 177 204 6 177 1
1 0 2 204 0 2 204 1
1 209 0 213 209 0 213 1
1 209 213 191 209 213 191 1
1 2 1 3 2 1 3 1
1 3 1 4 3 1 4 1
1 10 5 4 10 5 4 1
1 8 9 211 8 9 211 1
1 5 10 9 5 10 9 1
1 211 9 11 211 9 11 1
1 4 12 10 4 12 10 1
1 14 11 12 14 11 12 1
1 12 4 15 12 4 15 1
1 14 13 210 14 13 210 1
1 214 15 4 214 15 4 1
1 12 15 13 12 15 13 1
1 1 214 4 1 214 4 1
1 15 214 16 15 214 16 1
1 35 47 43 35 47 43 1
1 35 43 38 35 43 38 1
1 209 16 214 209 16 214 1
1 106 104 20 106 104 20 1
1 23 25 21 23 25 21 1
1 20 22 106 20 22 106 1
1 19 23 17 19 23 17 1
1 26 21 25 26 21 25 1
1 19 24 23 19 24 23 1
1 111 26 27 111 26 27 1
1 24 27 25 24 27 25 1
1 30 111 27 30 111 27 1
1 28 29 24 28 29 24 1
1 29 31 27 29 31 27 1
1 36 30 31 36 30 31 1
1 34 33 29 34 33 29 1
1 36 116 30 36 116 30 1
1 40 36 37 40 36 37 1
1 37 31 33 37 31 33 1
1 41 40 37 41 40 37 1
1 38 33 35 38 33 35 1
1 52 56 53 52 56 53 1
1 52 53 50 52 53 50 1
1 45 41 42 45 41 42 1
1 44 39 41 44 39 41 1
1 42 37 38 42 37 38 1
1 46 42 43 46 42 43 1
1 50 46 43 50 46 43 1
1 49 45 46 49 45 46 1
1 52 43 48 52 43 48 1
1 54 51 53 54 51 53 1
1 53 49 50 53 49 50 1
1 48 215 57 48 215 57 1
1 48 57 56 48 57 56 1
1 56 52 48 56 52 48 1
1 55 53 57 55 53 57 1
1 59 55 57 59 55 57 1
1 55 62 123 55 62 123 1
1 55 123 54 55 123 54 1
1 215 64 60 215 64 60 1
1 215 60 59 215 60 59 1
1 62 55 59 62 55 59 1
1 59 57 215 59 57 215 1
1 63 62 58 63 62 58 1
1 58 60 70 58 60 70 1
1 58 70 66 58 70 66 1
1 68 70 74 68 70 74 1
1 68 74 72 68 74 72 1
1 67 63 66 67 63 66 1
1 65 70 60 65 70 60 1
1 70 68 66 70 68 66 1
1 69 74 70 69 74 70 1
1 77 82 84 77 82 84 1
1 77 84 216 77 84 216 1
1 71 67 68 71 67 68 1
1 76 71 72 76 71 72 1
1 74 77 72 74 77 72 1
1 73 84 82 73 84 82 1
1 80 77 216 80 77 216 1
1 80 216 78 80 216 78 1
1 78 216 91 78 216 91 1
1 78 91 87 78 91 87 1
1 80 79 81 80 79 81 1
1 77 80 76 77 80 76 1
1 73 82 74 73 82 74 1
1 91 90 87 91 90 87 1
1 84 85 91 84 85 91 1
1 84 91 216 84 91 216 1
1 101 103 17 101 103 17 1
1 101 17 20 101 17 20 1
1 85 84 83 85 84 83 1
1 92 89 91 92 89 91 1
1 92 85 86 92 85 86 1
1 89 95 90 89 95 90 1
1 96 94 89 96 94 89 1
1 96 92 93 96 92 93 1
1 96 98 94 96 98 94 1
1 94 99 95 94 99 95 1
1 98 102 99 98 102 99 1
1 98 96 97 98 96 97 1
1 101 142 102 101 142 102 1
1 103 98 97 103 98 97 1
1 101 104 142 101 104 142 1
1 17 103 18 17 103 18 1
1 150 121 51 150 121 51 1
1 150 51 148 150 51 148 1
1 109 107 105 109 107 105 1
1 108 105 22 108 105 22 1
1 112 109 108 112 109 108 1
1 113 112 110 113 112 110 1
1 110 108 26 110 108 26 1
1 115 113 114 115 113 114 1
1 114 110 111 114 110 111 1
1 116 114 30 116 114 30 1
1 118 117 36 118 117 36 1
1 119 118 39 119 118 39 1
1 39 118 40 39 118 40 1
1 120 119 44 120 119 44 1
1 150 120 121 150 120 121 1
1 119 120 170 119 120 170 1
1 119 170 147 119 170 147 1
1 51 121 45 51 121 45 1
1 122 148 51 122 148 51 1
1 54 124 122 54 124 122 1
1 123 125 124 123 125 124 1
1 62 126 125 62 126 125 1
1 128 126 63 128 126 63 1
1 132 130 71 132 130 71 1
1 131 130 132 131 130 132 1
1 81 132 76 81 132 76 1
1 88 135 134 88 135 134 1
1 79 134 133 79 134 133 1
1 78 88 79 78 88 79 1
1 90 136 135 90 136 135 1
1 95 136 90 95 136 90 1
1 99 156 100 99 156 100 1
1 99 140 156 99 140 156 1
1 102 138 140 102 138 140 1
1 142 138 102 142 138 102 1
1 106 107 141 106 107 141 1
1 104 141 138 104 141 138 1
1 144 143 109 144 143 109 1
1 146 145 117 146 145 117 1
1 147 146 118 147 146 118 1
1 178 140 139 178 140 139 1
1 178 139 217 178 139 217 1
1 178 217 218 178 217 218 1
1 178 218 219 178 218 219 1
1 150 170 120 150 170 120 1
1 128 151 126 128 151 126 1
1 135 155 134 135 155 134 1
1 100 157 137 100 157 137 1
1 136 100 137 136 100 137 1
1 140 178 158 140 178 158 1
1 154 133 175 154 133 175 1
1 154 175 174 154 175 174 1
1 139 220 221 139 220 221 1
1 139 221 222 139 221 222 1
1 139 222 217 139 222 217 1
1 143 223 224 143 223 224 1
1 143 224 225 143 224 225 1
1 143 225 226 143 225 226 1
1 143 226 159 143 226 159 1
1 143 159 107 143 159 107 1
1 141 163 220 141 163 220 1
1 141 220 139 141 220 139 1
1 192 164 144 192 164 144 1
1 214 1 0 214 1 0 1
1 214 0 209 214 0 209 1
1 194 192 144 194 192 144 1
1 145 195 115 145 195 115 1
1 189 169 170 189 169 170 1
1 172 171 200 172 171 200 1
1 153 227 228 153 227 228 1
1 153 228 229 153 228 229 1
1 153 229 230 153 229 230 1
1 153 230 231 153 230 231 1
1 153 231 232 153 231 232 1
1 153 232 233 153 232 233 1
1 153 233 188 153 233 188 1
1 153 188 151 153 188 151 1
1 153 234 227 153 234 227 1
1 198 122 124 198 122 124 1
1 198 124 200 198 124 200 1
1 176 175 134 176 175 134 1
1 137 176 155 137 176 155 1
1 178 203 179 178 203 179 1
1 158 179 157 158 179 157 1
1 157 179 177 157 179 177 1
1 129 154 174 129 154 174 1
1 128 127 187 128 127 187 1
1 128 187 235 128 187 235 1
1 128 235 236 128 235 236 1
1 128 236 237 128 236 237 1
1 128 237 238 128 237 238 1
1 128 238 234 128 238 234 1
1 128 234 153 128 234 153 1
1 125 152 172 125 152 172 1
1 124 172 200 124 172 200 1
1 122 198 149 122 198 149 1
1 170 150 189 170 150 189 1
1 194 113 195 194 113 195 1
1 113 115 195 113 115 195 1
1 144 112 194 144 112 194 1
1 112 113 194 112 113 194 1
1 196 193 195 196 193 195 1
1 168 196 145 168 196 145 1
1 169 168 147 169 168 147 1
1 189 197 169 189 197 169 1
1 149 199 197 149 199 197 1
1 152 188 171 152 188 171 1
1 201 212 239 201 212 239 1
1 201 239 240 201 239 240 1
1 201 240 241 201 240 241 1
1 201 241 242 201 241 242 1
1 201 242 243 201 242 243 1
1 201 243 173 201 243 173 1
1 175 201 174 175 201 174 1
1 179 204 177 179 204 177 1
1 191 213 244 191 213 244 1
1 191 244 245 191 244 245 1
1 191 245 246 191 245 246 1
1 191 246 247 191 246 247 1
1 191 247 205 191 247 205 1
1 16 209 190 16 209 190 1
1 193 190 192 193 190 192 1
1 13 16 193 13 16 193 1
1 210 13 196 210 13 196 1
1 169 197 210 169 197 210 1
1 197 14 210 197 14 210 1
1 199 11 14 199 11 14 1
1 188 211 171 188 211 171 1
1 202 212 201 202 212 201 1
1 8 211 202 8 211 202 1
1 204 2 6 204 2 6 1
1 203 213 204 203 213 204 1
1 213 0 204 213 0 204 1
1 243 248 249 243 248 249 1
1 243 249 173 243 249 173 1
1 167 223 143 167 223 143 1
1 250 180 173 250 180 173 1
1 249 250 173 249 250 173 1
1 251 252 253 251 252 253 1
1 251 253 254 251 253 254 1
1 251 254 239 251 254 239 1
1 251 239 212 251 239 212 1
1 251 212 188 251 212 188 1
1 219 255 256 219 255 256 1
1 219 256 203 219 256 203 1
1 219 203 178 219 203 178 1
1 257 258 259 257 258 259 1
1 257 259 244 257 259 244 1
1 257 244 213 257 244 213 1
1 260 257 213 260 257 213 1
1 260 213 203 260 213 203 1
1 256 261 262 256 261 262 1
1 256 262 260 256 262 260 1
1 256 260 203 256 260 203 1
1 233 263 264 233 263 264 1
1 233 264 251 233 264 251 1
1 233 251 188 233 251 188 1

Materials: 3
"bottom"
1.000000 1.000000 1.000000 1.000000
0.800000 0.003353 0.032126 1.000000
0.500000 0.500000 0.500000 1.000000
0.000000 0.000000 0.000000 1.000000
0.185600
1.000000
"snowtexbottom_b.png"
""
"holeTop"
1.000000 1.000000 1.000000 1.000000
0.800000 0.800000 0.800000 1.000000
0.500000 0.500000 0.500000 1.000000
0.000000 0.000000 0.000000 1.000000
0.185600
1.000000
"snowtextopHole_b.png"
""
"insidekamat"
1.000000 1.000000 1.000000 1.000000
0.800000 0.800000 0.800000 1.000000
0.500000 0.500000 0.500000 1.000000
0.000000 0.000000 0.000000 1.000000
0.185600
1.000000
"snowtexpipe_b.png"
""

Bones: 0
GroupComments: 0
MaterialComments: 0
BoneComments: 0
ModelComment: 0
