// MilkShape 3D ASCII

Frames: 1
Frame: 0

Meshes: 1
"default" 1 0
317
1 24.786310 0.906835 -15.689336 0.433937 0.444384 -1
1 15.743717 -0.213446 70.082611 0.400551 0.746455 -1
1 0.000015 -0.052546 45.379646 0.346157 0.660127 -1
1 14.850760 8.478536 95.247620 0.715781 0.181446 -1
1 15.532880 6.073954 87.591629 0.718335 0.209692 -1
1 -14.850720 8.478536 95.247635 0.611483 0.181446 -1
1 -15.814283 -0.001286 -80.203262 0.291973 0.218704 -1
1 15.814278 -0.001286 -80.203262 0.400340 0.218704 -1
1 -14.764825 5.817474 45.214729 0.612339 0.358136 -1
1 14.096251 5.965214 30.908770 0.712514 0.407761 -1
1 0.000005 6.174535 -30.907051 0.663632 0.621997 -1
1 -14.764836 5.817474 -45.214748 0.612339 0.671609 -1
1 -14.764825 0.154613 45.373829 0.294331 0.660261 -1
1 -24.378750 0.911855 -0.000008 0.259743 0.500000 -1
1 -13.730817 12.625017 102.248177 0.615849 0.153013 -1
1 -13.730817 8.005654 104.339874 0.299571 0.869039 -1
1 12.182143 13.193436 110.457199 0.387617 0.896319 -1
1 -12.182097 13.193436 110.457199 0.304697 0.896319 -1
1 24.378769 5.396734 -0.000014 0.748182 0.514873 -1
1 14.764842 5.817474 -45.214748 0.714924 0.671609 -1
1 13.730834 12.625017 -102.248184 0.711414 0.876732 -1
1 -13.730845 12.625017 -102.248184 0.615849 0.876732 -1
1 14.850738 8.478536 -95.247627 0.715781 0.848299 -1
1 -13.730845 8.005654 -104.339882 0.299571 0.130961 -1
1 -12.182126 13.193436 -110.457207 0.304697 0.103681 -1
1 12.182115 13.193436 -110.457207 0.387617 0.103681 -1
1 -15.532863 6.073954 -87.591660 0.608928 0.820053 -1
1 15.532857 6.073954 -87.591660 0.718335 0.820053 -1
1 -14.850743 8.478536 -95.247627 0.611483 0.848299 -1
1 -0.000006 17.826496 -108.327042 0.663632 0.903859 -1
1 -23.530748 21.090435 -113.742683 0.583660 0.927112 -1
1 -30.456108 15.469316 -109.464821 0.557583 0.905143 -1
1 -28.419601 16.325775 -108.945244 0.565441 0.904877 -1
1 10.357614 18.281097 -115.131401 0.381573 0.080072 -1
1 -15.436966 24.323236 -115.915779 0.611817 0.938563 -1
1 -22.239622 17.022255 -108.502892 0.587079 0.904141 -1
1 0.000023 17.826496 108.327057 0.663632 0.125886 -1
1 13.730863 12.625017 102.248177 0.711414 0.153013 -1
1 10.357642 18.281097 115.131409 0.381573 0.919928 -1
1 0.000024 22.985035 118.755829 0.346157 0.940490 -1
1 -10.357596 18.281097 115.131393 0.310741 0.919928 -1
1 -22.239599 17.022255 108.502876 0.587079 0.125604 -1
1 -15.436937 24.323236 115.915771 0.611818 0.091183 -1
1 -0.000007 22.985035 -118.755844 0.346157 0.059510 -1
1 -10.357625 18.281097 -115.131424 0.310741 0.080072 -1
1 22.239618 17.022255 -108.502892 0.740185 0.904141 -1
1 -15.532840 1.136994 89.135536 0.293294 0.812046 -1
1 -15.814260 -0.001286 80.203247 0.291973 0.781296 -1
1 15.532880 1.136994 89.135536 0.399020 0.812046 -1
1 -26.998545 0.776155 45.356388 0.251224 0.660568 -1
1 -31.235289 4.380634 -0.000007 0.555063 0.514873 -1
1 -26.998545 5.195934 45.232189 0.569864 0.358212 -1
1 -26.998556 5.195934 -45.232231 0.569864 0.671533 -1
1 -39.761600 2.575294 79.637573 0.522830 0.239395 -1
1 -39.054001 3.605474 88.363594 0.524830 0.208738 -1
1 -36.391243 4.659094 88.034119 0.534907 0.209158 -1
1 -28.917542 4.586294 -79.196045 0.561848 0.789844 -1
1 -0.000002 5.340415 -79.030487 0.663632 0.789865 -1
1 -36.885242 3.617154 -69.569748 0.534378 0.755611 -1
1 -33.025471 4.325494 -30.922285 0.548901 0.621954 -1
1 -38.643940 2.755495 58.331169 0.209824 0.706846 -1
1 -33.025471 1.883375 30.942394 0.229205 0.609774 -1
1 -36.885220 1.325335 69.876587 0.218093 0.747367 -1
1 -38.643940 2.755495 58.331169 0.528107 0.313169 -1
1 -36.885220 3.617154 69.569733 0.534378 0.274134 -1
1 -33.025471 4.325494 30.922274 0.548901 0.407791 -1
1 13.730834 8.005654 -104.339882 0.392743 0.130961 -1
1 14.850738 3.720734 -97.133270 0.396525 0.159406 -1
1 -14.850743 3.720734 -97.133286 0.295789 0.159405 -1
1 39.054016 3.605474 -88.363602 0.802434 0.821007 -1
1 37.050594 3.675054 -79.396133 0.794177 0.789917 -1
1 39.761616 2.575294 -79.637589 0.804434 0.790350 -1
1 15.814301 5.151895 79.071869 0.719238 0.239874 -1
1 -15.532840 6.073954 87.591652 0.608929 0.209692 -1
1 26.998575 5.195934 45.232208 0.757400 0.358212 -1
1 38.643936 2.755495 -58.331207 0.799156 0.716577 -1
1 36.885235 3.617154 -69.569748 0.792886 0.755611 -1
1 31.757450 4.373734 -15.685775 0.773977 0.569211 -1
1 22.239641 17.022255 108.502876 0.740185 0.125604 -1
1 30.456108 15.469316 109.464828 0.769680 0.124602 -1
1 34.501637 10.325356 103.302475 0.785293 0.151732 -1
1 32.154259 11.301096 102.847672 0.776290 0.151786 -1
1 -14.850720 3.720734 97.133278 0.295788 0.840594 -1
1 13.730863 8.005654 104.339874 0.392743 0.869039 -1
1 -39.054001 3.605474 88.363594 0.211911 0.812643 -1
1 -39.761600 2.575294 79.637573 0.208477 0.781920 -1
1 -37.050579 1.475534 79.879028 0.218720 0.782145 -1
1 14.850760 3.720734 97.133278 0.396525 0.840594 -1
1 34.501637 10.325356 103.302475 0.464663 0.870517 -1
1 30.456108 15.469316 109.464828 0.451184 0.898951 -1
1 28.419626 14.452776 109.849297 0.443317 0.897235 -1
1 39.761616 2.575294 -79.637589 0.483837 0.218080 -1
1 36.391258 2.551854 -88.693092 0.470369 0.187333 -1
1 39.054016 3.605474 -88.363602 0.480402 0.187357 -1
1 38.643936 2.755495 -58.331207 0.482490 0.293153 -1
1 33.025486 1.883375 -30.942415 0.463109 0.390226 -1
1 36.885235 1.325335 -69.876610 0.474220 0.252632 -1
1 30.456074 15.469316 -109.464844 0.451184 0.101049 -1
1 28.419592 14.452776 -109.849304 0.443317 0.102765 -1
1 23.530733 19.390795 -114.582909 0.426936 0.078884 -1
1 37.339016 6.099634 -96.190468 0.474115 0.158620 -1
1 34.793175 5.084254 -96.592865 0.464483 0.158984 -1
1 32.154236 9.329597 -103.740402 0.455689 0.130407 -1
1 -38.643963 2.755495 -58.331207 0.209824 0.293153 -1
1 -36.885242 1.325335 -69.876610 0.218094 0.252633 -1
1 -31.757431 1.922395 -15.688290 0.233409 0.444331 -1
1 -38.643963 2.755495 -58.331207 0.528107 0.716576 -1
1 -39.054024 3.605474 -88.363602 0.211911 0.187357 -1
1 -37.050602 1.475534 -79.879051 0.218721 0.217854 -1
1 -39.761623 2.575294 -79.637589 0.208477 0.218080 -1
1 38.643959 2.755495 58.331188 0.482490 0.706846 -1
1 36.885258 1.325335 69.876572 0.474220 0.747367 -1
1 33.025486 1.883375 30.942383 0.463109 0.609774 -1
1 37.339039 6.099634 96.190460 0.474115 0.841380 -1
1 32.154259 9.329597 103.740372 0.455689 0.869593 -1
1 34.793221 5.084254 96.592850 0.464483 0.841015 -1
1 36.885258 3.617154 69.569733 0.792886 0.274134 -1
1 38.643959 2.755495 58.331188 0.799156 0.313169 -1
1 31.757450 4.373734 15.685744 0.773977 0.460534 -1
1 39.054058 3.605474 88.363594 0.480402 0.812643 -1
1 36.391281 2.551854 88.693100 0.470369 0.812667 -1
1 39.761639 2.575294 79.637573 0.483837 0.781920 -1
1 -15.532863 1.136994 -89.135544 0.293294 0.187953 -1
1 -28.402922 1.678854 -88.966110 0.249455 0.187567 -1
1 -27.155661 4.242934 -96.926300 0.254034 0.159187 -1
1 -28.402899 1.678854 88.966095 0.249455 0.812432 -1
1 -27.155638 4.242934 96.926315 0.254033 0.840813 -1
1 -28.917519 0.564295 80.079071 0.246985 0.781847 -1
1 37.339039 6.099634 96.190460 0.796265 0.180176 -1
1 36.391281 4.659094 88.034119 0.792357 0.209158 -1
1 34.793221 7.115015 95.788017 0.786581 0.180414 -1
1 39.054058 3.605474 88.363594 0.802434 0.208739 -1
1 39.761639 2.575294 79.637573 0.804434 0.239395 -1
1 37.050617 3.675054 79.396088 0.794177 0.239829 -1
1 -37.339024 6.099634 -96.190468 0.530998 0.849569 -1
1 -34.793205 7.115015 -95.788025 0.540682 0.849331 -1
1 -32.154243 11.301096 -102.847687 0.550974 0.877959 -1
1 -39.054024 3.605474 -88.363602 0.524829 0.821007 -1
1 -39.761623 2.575294 -79.637589 0.522830 0.790350 -1
1 -36.391266 4.659094 -88.034134 0.534907 0.820587 -1
1 28.419621 16.325796 108.945229 0.761822 0.124869 -1
1 23.530767 19.390795 114.582893 0.426936 0.921116 -1
1 -35.441971 3.104434 30.932337 0.219614 0.609694 -1
1 -35.441971 3.104434 -30.932344 0.219615 0.390306 -1
1 35.441986 3.104434 30.932325 0.787730 0.407838 -1
1 35.441986 3.104434 -30.932356 0.787730 0.621907 -1
1 -37.339024 6.099634 -96.190468 0.218199 0.158620 -1
1 -34.793182 5.084254 -96.592865 0.227831 0.158984 -1
1 -36.391266 2.551854 -88.693092 0.221944 0.187333 -1
1 -34.501621 10.325356 -103.302483 0.541970 0.878013 -1
1 -37.339001 6.099634 96.190437 0.530999 0.180176 -1
1 -32.154221 11.301096 102.847672 0.550974 0.151786 -1
1 -34.793159 7.115015 95.788033 0.540683 0.180414 -1
1 -37.339001 6.099634 96.190437 0.218199 0.841380 -1
1 -36.391243 2.551854 88.693077 0.221944 0.812667 -1
1 -34.793159 5.084234 96.592850 0.227830 0.841015 -1
1 37.339016 6.099634 -96.190468 0.796265 0.849569 -1
1 34.501614 10.325356 -103.302483 0.785293 0.878013 -1
1 34.793198 7.115015 -95.788025 0.786581 0.849331 -1
1 34.501614 10.325356 -103.302483 0.464663 0.129483 -1
1 -34.501598 10.325356 103.302475 0.541971 0.151732 -1
1 -30.456074 15.469316 109.464813 0.557584 0.124602 -1
1 -23.530714 21.090435 113.742653 0.583660 0.102634 -1
1 -28.419579 16.325775 108.945229 0.565442 0.124869 -1
1 -34.501621 10.325356 -103.302483 0.227651 0.129483 -1
1 -30.456108 15.469316 -109.464821 0.241130 0.101049 -1
1 -28.419607 14.452776 -109.849304 0.248997 0.102765 -1
1 -32.154243 9.329597 -103.740387 0.236625 0.130407 -1
1 -30.456074 15.469316 109.464813 0.241130 0.898951 -1
1 -32.154221 9.329597 103.740372 0.236625 0.869593 -1
1 -28.419573 14.452776 109.849297 0.248996 0.897235 -1
1 -34.501598 10.325356 103.302475 0.227651 0.870517 -1
1 -18.689667 18.401455 -114.671661 0.282216 0.081101 -1
1 -17.262087 23.277473 -117.883148 0.286629 0.060902 -1
1 -9.074646 22.539976 -118.249130 0.314956 0.061938 -1
1 -25.088848 20.502275 -114.383644 0.259303 0.076037 -1
1 -18.145227 24.612156 -117.948441 0.283080 0.056585 -1
1 -23.530748 19.390795 -114.582909 0.265378 0.078884 -1
1 -0.000007 26.239317 -117.141045 0.663632 0.945151 -1
1 9.074635 25.598639 -116.731361 0.694042 0.942945 -1
1 -0.000007 28.019417 -120.824341 0.663632 0.959597 -1
1 -0.000007 28.054018 -119.661690 0.663632 0.955624 -1
1 9.214174 27.225679 -119.023331 0.694429 0.952341 -1
1 -9.214186 27.225718 -119.023331 0.632835 0.952341 -1
1 -18.689632 18.401455 114.671631 0.282216 0.918899 -1
1 -9.074617 22.539976 118.249115 0.314956 0.938062 -1
1 -17.262053 23.277473 117.883133 0.286629 0.939098 -1
1 -25.088814 20.502275 114.383636 0.259303 0.923963 -1
1 -23.530714 19.390795 114.582893 0.265378 0.921116 -1
1 -18.145193 24.612156 117.948433 0.283080 0.943415 -1
1 0.000024 26.239317 117.141029 0.663632 0.084594 -1
1 9.074663 25.598639 116.731331 0.694042 0.086800 -1
1 -9.214157 27.225718 119.023315 0.632835 0.077405 -1
1 0.000024 28.019417 120.824348 0.663632 0.070149 -1
1 9.214203 27.225718 119.023315 0.694429 0.077405 -1
1 0.000024 28.054018 119.661697 0.663632 0.074121 -1
1 32.154236 11.301096 -102.847687 0.776289 0.877959 -1
1 30.456074 15.469316 -109.464844 0.769680 0.905143 -1
1 28.419598 16.325796 -108.945244 0.761822 0.904877 -1
1 15.436983 21.653936 117.240288 0.399175 0.933282 -1
1 25.088867 20.502275 114.383636 0.433011 0.923963 -1
1 17.262106 23.277473 117.883148 0.405685 0.939098 -1
1 -9.539188 27.164759 -120.102966 0.631457 0.955903 -1
1 -0.000007 28.019417 -120.824341 0.346157 0.040403 -1
1 -0.000007 26.275478 -120.544228 0.346157 0.046546 -1
1 -9.214186 25.537878 -119.860863 0.314284 0.050191 -1
1 0.000024 28.019417 120.824348 0.346157 0.959597 -1
1 -9.214157 25.537838 119.860855 0.314284 0.949809 -1
1 0.000024 26.275478 120.544220 0.346157 0.953454 -1
1 -9.539134 27.164759 120.102951 0.631458 0.073842 -1
1 15.436954 21.653936 -117.240326 0.399175 0.066718 -1
1 25.088833 20.502275 -114.383644 0.433011 0.076037 -1
1 17.262072 23.277473 -117.883148 0.405685 0.060902 -1
1 28.402918 5.532094 -87.761124 0.763905 0.820304 -1
1 36.391258 4.659094 -88.034134 0.792357 0.820587 -1
1 -18.145193 24.612156 117.948433 0.602288 0.084334 -1
1 -17.262053 24.861177 117.097313 0.605742 0.086774 -1
1 -25.088814 20.502275 114.383636 0.577662 0.101514 -1
1 -18.145227 24.612156 -117.948441 0.602287 0.945412 -1
1 -17.262087 24.861177 -117.097328 0.605742 0.942971 -1
1 -25.088848 20.502275 -114.383644 0.577661 0.928231 -1
1 25.088867 20.502275 114.383636 0.749602 0.101515 -1
1 23.530767 21.090435 113.742668 0.743604 0.102634 -1
1 18.145247 24.612156 117.948433 0.724976 0.084334 -1
1 25.088833 20.502275 -114.383644 0.749602 0.928231 -1
1 18.145212 24.612156 -117.948441 0.724976 0.945412 -1
1 23.530733 21.090435 -113.742661 0.743604 0.927112 -1
1 9.539151 27.164759 -120.102966 0.379430 0.044488 -1
1 18.145212 24.612156 -117.948441 0.409234 0.056585 -1
1 9.214174 25.537838 -119.860863 0.378030 0.050191 -1
1 9.539186 27.164759 120.102974 0.379430 0.955512 -1
1 9.214203 25.537878 119.860855 0.378030 0.949809 -1
1 18.145247 24.612156 117.948433 0.409234 0.943415 -1
1 35.441986 3.104434 -30.932356 0.472699 0.390306 -1
1 35.441986 3.104434 30.932325 0.472699 0.609694 -1
1 -15.814260 5.151895 79.071854 0.608026 0.239874 -1
1 -27.155638 7.956314 95.454575 0.567948 0.180883 -1
1 -25.103279 12.107916 102.469353 0.575971 0.152315 -1
1 25.103321 8.502776 104.101814 0.431389 0.869171 -1
1 22.239647 13.596277 110.156532 0.421914 0.896215 -1
1 18.689686 18.401455 114.671654 0.410098 0.918899 -1
1 22.239613 13.596277 -110.156540 0.421914 0.103785 -1
1 18.689651 18.401455 -114.671661 0.410098 0.081101 -1
1 25.103298 8.502776 -104.101822 0.431389 0.130828 -1
1 17.262072 24.861177 -117.097328 0.721522 0.942971 -1
1 9.539151 27.164759 -120.102966 0.695806 0.955903 -1
1 17.262106 24.861177 117.097313 0.721522 0.086775 -1
1 9.539186 27.164759 120.102974 0.695806 0.073842 -1
1 -28.788483 0.375874 -70.003731 0.246514 0.252993 -1
1 15.532857 1.136994 -89.135544 0.399020 0.187953 -1
1 -28.402899 5.532094 87.761108 0.563358 0.209441 -1
1 -9.539134 27.164759 120.102951 0.312884 0.955512 -1
1 -9.539188 27.164759 -120.102966 0.312884 0.044488 -1
1 -35.441971 3.104434 -30.932344 0.539533 0.621907 -1
1 -35.441971 3.104434 30.932337 0.539533 0.407838 -1
1 -33.520794 3.154294 -0.000007 0.225959 0.500000 -1
1 -34.081154 3.148054 -15.687027 0.224095 0.444370 -1
1 -31.235289 1.927955 -0.000007 0.235151 0.500000 -1
1 -33.520794 3.154294 -0.000007 0.546088 0.514873 -1
1 -31.757431 4.373734 -15.685769 0.553287 0.569211 -1
1 -34.081154 3.148054 -15.687027 0.544193 0.569164 -1
1 -34.081154 3.148054 15.687014 0.544193 0.460581 -1
1 -31.757431 4.373734 15.685750 0.553287 0.460534 -1
1 -34.081154 3.148054 15.687014 0.224095 0.555629 -1
1 33.520809 3.154294 -0.000015 0.466354 0.500000 -1
1 34.081169 3.148054 15.687002 0.468218 0.555629 -1
1 31.757450 1.922395 15.688265 0.458905 0.555669 -1
1 33.520809 3.154294 -0.000015 0.781175 0.514873 -1
1 31.235308 4.380634 -0.000015 0.772201 0.514873 -1
1 34.081169 3.148054 15.687002 0.783071 0.460581 -1
1 28.788502 0.375874 70.003693 0.445800 0.747007 -1
1 15.814301 -0.001286 80.203247 0.400340 0.781296 -1
1 31.235308 1.927955 -0.000015 0.457162 0.500000 -1
1 31.757450 1.922395 -15.688295 0.458905 0.444331 -1
1 24.786310 0.906835 15.689305 0.433937 0.555616 -1
1 34.081169 3.148054 -15.687038 0.783071 0.569164 -1
1 34.081169 3.148054 -15.687038 0.468218 0.444370 -1
1 37.050594 1.475534 -79.879051 0.473593 0.217854 -1
1 15.436954 24.323277 -115.915779 0.715446 0.938563 -1
1 15.436983 24.323277 115.915771 0.715446 0.091183 -1
1 -27.155661 7.956314 -95.454582 0.567948 0.848862 -1
1 37.050617 1.475534 79.879028 0.473593 0.782145 -1
1 28.402960 1.678854 88.966095 0.442859 0.812433 -1
1 28.917561 0.564295 80.079094 0.445329 0.781847 -1
1 28.917538 4.586294 -79.196045 0.765416 0.789844 -1
1 28.917561 4.586294 79.196030 0.765416 0.239902 -1
1 39.584179 2.471254 69.723145 0.803060 0.273803 -1
1 39.584179 2.471254 69.723145 0.484503 0.747114 -1
1 39.584156 2.471254 -69.723167 0.484503 0.252885 -1
1 39.584156 2.471254 -69.723167 0.803060 0.755943 -1
1 -25.103302 12.107916 -102.469383 0.575970 0.877430 -1
1 -28.917542 0.564295 -80.079086 0.246985 0.218153 -1
1 -28.402922 5.532094 -87.761101 0.563358 0.820304 -1
1 -37.050602 3.675054 -79.396133 0.533087 0.789917 -1
1 -37.050579 3.675054 79.396111 0.533087 0.239828 -1
1 -28.917519 4.586294 79.196030 0.561848 0.239902 -1
1 -39.584164 2.471254 -69.723167 0.524203 0.755942 -1
1 -39.584164 2.471254 -69.723167 0.207811 0.252885 -1
1 -39.584141 2.471254 69.723145 0.207811 0.747114 -1
1 -39.584141 2.471254 69.723145 0.524204 0.273803 -1
1 -22.239628 13.596277 -110.156540 0.270400 0.103785 -1
1 -25.103302 8.502776 -104.101822 0.260925 0.130829 -1
1 -22.239594 13.596277 110.156532 0.270399 0.896215 -1
1 -25.103279 8.502776 104.101814 0.260925 0.869171 -1
1 27.155657 7.956314 -95.454582 0.759316 0.848862 -1
1 28.402941 5.532094 87.761093 0.763905 0.209441 -1
1 27.155680 7.956314 95.454575 0.759316 0.180883 -1
1 27.155657 4.242934 -96.926323 0.438280 0.159187 -1
1 27.155680 4.242934 96.926292 0.438280 0.840813 -1
1 25.103298 12.107916 -102.469360 0.751293 0.877430 -1
1 25.103321 12.107916 102.469353 0.751293 0.152316 -1
1 28.402918 1.678854 -88.966110 0.442859 0.187567 -1
1 28.917538 0.564295 -80.079102 0.445329 0.218152 -1
1 28.788479 0.375874 -70.003731 0.445800 0.252993 -1
1 26.998564 5.195934 -45.232231 0.757400 0.671534 -1
1 -31.757431 1.922395 15.688271 0.233409 0.555669 -1
1 -15.743683 -0.213446 70.082611 0.291762 0.746455 -1
317
0.101112 -0.994858 0.005813
0.037942 -0.999272 0.003999
0.005892 -0.999973 -0.004447
0.022593 0.914125 -0.404802
0.021975 0.978795 -0.203661
-0.023423 0.914547 -0.403800
-0.026437 -0.998476 -0.048442
0.029415 -0.998072 -0.054648
-0.025188 0.999648 0.008370
0.029041 0.999562 0.005673
-0.000956 0.999979 -0.006463
-0.031792 0.999428 -0.011563
-0.043468 -0.999030 -0.006987
-0.112899 -0.993605 0.001622
-0.021778 0.823136 -0.567427
-0.023395 -0.811164 0.584351
0.024960 -0.716371 0.697273
-0.024288 -0.716614 0.697047
0.106479 0.994315 -0.000277
0.034668 0.999345 -0.010424
0.029323 0.824119 0.565657
-0.021778 0.823135 0.567427
0.022593 0.914125 0.404802
-0.023396 -0.811164 -0.584350
-0.024288 -0.716615 -0.697046
0.024960 -0.716371 -0.697273
-0.026692 0.978724 0.203438
0.019079 0.978687 0.204470
-0.023423 0.914547 0.403800
-0.005853 0.755151 0.655525
-0.328933 0.836281 0.438677
-0.443741 0.817414 0.367325
-0.288334 0.810773 0.509422
0.022727 -0.631117 -0.775355
-0.093240 0.769815 0.631420
-0.083387 0.780194 0.619955
-0.005853 0.755151 -0.655525
0.029323 0.824119 -0.565657
0.022727 -0.631115 0.775356
0.009520 -0.539738 0.841779
-0.028264 -0.631581 0.774794
-0.083387 0.780194 -0.619955
-0.093239 0.769815 -0.631420
0.009519 -0.539738 -0.841779
-0.028264 -0.631582 -0.774794
0.074372 0.761933 0.643372
-0.022007 -0.975544 0.218701
-0.017485 -0.996266 0.084549
0.022268 -0.975351 0.219533
-0.096805 -0.995208 -0.013760
-0.288343 0.957527 0.000000
-0.110945 0.993817 0.004415
-0.111910 0.993716 -0.002099
-0.377801 0.924129 -0.057030
-0.383138 0.909318 -0.162315
-0.250010 0.952647 -0.173085
-0.072237 0.996464 0.042917
0.000000 0.999273 0.038128
-0.256247 0.966595 0.005577
-0.335708 0.941684 0.023053
-0.412272 -0.909263 -0.057201
-0.317007 -0.947583 -0.039915
-0.269684 -0.962791 -0.017461
-0.396934 0.917565 -0.022748
-0.256247 0.966595 -0.005577
-0.335708 0.941684 -0.023053
0.024204 -0.810896 -0.584689
0.023267 -0.909614 -0.414802
-0.022575 -0.909957 -0.414089
0.379913 0.917259 0.119592
0.274146 0.960048 0.056144
0.383203 0.922983 0.035473
0.018979 0.999159 -0.036359
-0.022237 0.978985 -0.202718
0.097435 0.995223 0.006115
0.408281 0.912515 0.024977
0.274203 0.961638 0.008033
0.320789 0.946965 0.018757
0.074372 0.761933 -0.643372
0.431809 0.814274 -0.387940
0.409387 0.835776 -0.365898
0.277200 0.846976 -0.453643
-0.022574 -0.909957 0.414089
0.024203 -0.810896 0.584689
-0.383387 -0.898768 0.212674
-0.384208 -0.921900 0.049840
-0.275830 -0.957292 0.086663
0.023267 -0.909614 0.414802
0.401575 -0.614138 0.679391
0.391192 -0.458936 0.797713
0.263210 -0.593218 0.760797
0.380196 -0.920101 -0.094160
0.251546 -0.938249 -0.237517
0.387218 -0.877248 -0.283720
0.412273 -0.909263 0.057201
0.315704 -0.948102 0.037878
0.256441 -0.966425 0.016148
0.391192 -0.458936 -0.797713
0.263210 -0.593218 -0.760798
0.248968 -0.462545 -0.850922
0.396873 -0.765180 -0.506943
0.256605 -0.853595 -0.453354
0.261412 -0.725368 -0.636793
-0.464683 -0.883356 0.061248
-0.303388 -0.952710 0.017305
-0.344486 -0.938177 0.033956
-0.396934 0.917565 0.022748
-0.383387 -0.898768 -0.212674
-0.249618 -0.965426 -0.075119
-0.384208 -0.921900 -0.049840
0.412273 -0.909263 -0.057201
0.256441 -0.966425 -0.016148
0.315703 -0.948102 -0.037879
0.396873 -0.765180 0.506944
0.261411 -0.725369 0.636792
0.256606 -0.853594 0.453355
0.274202 0.961638 -0.008033
0.408281 0.912514 -0.024978
0.320790 0.946965 -0.018757
0.387218 -0.877248 0.283720
0.251545 -0.938249 0.237517
0.380195 -0.920101 0.094160
-0.022007 -0.975544 -0.218701
-0.079773 -0.963527 -0.255443
-0.083415 -0.884046 -0.459895
-0.079773 -0.963528 0.255442
-0.083415 -0.884046 0.459896
-0.077180 -0.994831 0.065995
0.389839 0.885585 -0.252519
0.250759 0.954132 -0.163560
0.261992 0.908227 -0.326319
0.379912 0.917259 -0.119592
0.383203 0.922983 -0.035473
0.274146 0.960048 -0.056144
-0.401310 0.866057 0.298154
-0.258430 0.905176 0.337447
-0.272124 0.842466 0.464973
-0.383140 0.909317 0.162315
-0.377800 0.924129 0.057030
-0.250010 0.952647 0.173086
0.292155 0.818502 -0.494672
0.248966 -0.462546 0.850921
-0.455517 -0.888863 -0.049264
-0.526495 -0.847951 0.061505
0.478860 0.876851 -0.042724
0.478859 0.876852 0.042723
-0.387978 -0.813968 -0.432352
-0.260208 -0.850221 -0.457619
-0.253259 -0.936536 -0.242405
-0.424492 0.822322 0.378938
-0.401306 0.866058 -0.298156
-0.272124 0.842466 -0.464973
-0.258428 0.905176 -0.337448
-0.387983 -0.813966 0.432352
-0.253260 -0.936536 0.242404
-0.260210 -0.850221 0.457619
0.389839 0.885584 0.252519
0.409386 0.835776 0.365898
0.261992 0.908227 0.326319
0.401578 -0.614136 -0.679391
-0.424493 0.822322 -0.378936
-0.443745 0.817414 -0.367321
-0.328934 0.836281 -0.438675
-0.288335 0.810773 -0.509421
-0.390666 -0.671556 -0.629597
-0.387851 -0.518718 -0.761907
-0.263793 -0.586359 -0.765896
-0.265470 -0.720098 -0.641081
-0.387850 -0.518719 0.761908
-0.265470 -0.720097 0.641081
-0.263793 -0.586359 0.765896
-0.390668 -0.671555 0.629597
-0.090740 -0.584676 -0.806176
-0.167346 -0.362348 -0.916897
-0.048425 -0.521682 -0.851765
-0.357494 -0.365592 -0.859384
-0.274171 -0.233878 -0.932808
-0.239567 -0.457086 -0.856551
-0.005517 0.760267 0.649588
0.046515 0.778242 0.626240
0.030602 0.999099 -0.029415
-0.010562 0.956147 0.292695
0.121220 0.947868 0.294706
-0.147729 0.938363 0.312492
-0.090739 -0.584677 0.806176
-0.048425 -0.521685 0.851763
-0.167346 -0.362349 0.916896
-0.357493 -0.365593 0.859384
-0.239565 -0.457088 0.856551
-0.274169 -0.233881 0.932808
-0.005517 0.760267 -0.649587
0.046514 0.778240 -0.626241
-0.147729 0.938363 -0.312490
0.030602 0.999098 0.029426
0.121222 0.947870 -0.294700
-0.010564 0.956148 -0.292695
0.277201 0.846976 0.453642
0.431810 0.814274 0.387939
0.292157 0.818502 0.494671
0.080533 -0.526231 0.846519
0.340480 -0.309104 0.887991
0.212675 -0.334356 0.918137
-0.154132 0.988003 -0.009702
-0.020159 -0.158690 -0.987123
0.005807 -0.322311 -0.946616
-0.084495 -0.293634 -0.952176
-0.020160 -0.158693 0.987122
-0.084496 -0.293634 0.952176
0.005808 -0.322317 0.946614
-0.154132 0.988003 0.009705
0.080535 -0.526231 -0.846519
0.340481 -0.309103 -0.887991
0.212677 -0.334352 -0.918138
0.079561 0.970534 0.227451
0.250760 0.954132 0.163560
-0.330565 0.940779 -0.075241
-0.289254 0.901529 -0.321834
-0.434795 0.865752 -0.247845
-0.330565 0.940779 0.075243
-0.289254 0.901529 0.321835
-0.434793 0.865752 0.247848
0.438194 0.844690 -0.307385
0.296734 0.843997 -0.446786
0.379363 0.915214 -0.135891
0.438195 0.844690 0.307383
0.379363 0.915214 0.135891
0.296734 0.843997 0.446785
0.103082 -0.166385 -0.980658
0.232311 -0.203460 -0.951123
0.100729 -0.331435 -0.938086
0.103081 -0.166396 0.980656
0.100728 -0.331440 0.938084
0.232311 -0.203462 0.951123
0.450176 -0.891345 0.053341
0.450176 -0.891345 -0.053341
-0.030198 0.998545 -0.044683
-0.080872 0.930642 -0.356883
-0.084699 0.844709 -0.528482
0.083817 -0.813994 0.574794
0.087622 -0.710473 0.698248
0.090489 -0.616440 0.782185
0.087622 -0.710473 -0.698248
0.090489 -0.616442 -0.782184
0.083816 -0.813994 -0.574794
0.261454 0.921635 0.286760
0.217100 0.976142 0.003878
0.261457 0.921635 -0.286756
0.217104 0.976141 -0.003857
-0.097464 -0.995239 0.000203
0.022267 -0.975351 -0.219533
-0.078642 0.982886 -0.166585
-0.146042 -0.171315 0.974332
-0.146040 -0.171320 -0.974331
-0.450774 0.891764 0.039504
-0.450774 0.891764 -0.039504
-0.472809 -0.881165 0.000000
-0.468466 -0.883107 0.025738
-0.366715 -0.930334 -0.000000
-0.469682 0.882836 -0.000000
-0.340138 0.940237 0.016112
-0.461217 0.886780 0.030004
-0.461217 0.886780 -0.030004
-0.340138 0.940238 -0.016112
-0.468466 -0.883107 -0.025738
0.469672 -0.882841 -0.000000
0.461057 -0.886734 -0.033597
0.343590 -0.938927 -0.019015
0.472810 0.881165 -0.000000
0.366722 0.930330 -0.000000
0.468512 0.883142 -0.023589
0.095960 -0.995373 -0.004967
0.021816 -0.997018 0.074028
0.282045 -0.959401 -0.000000
0.343590 -0.938927 0.019015
0.128253 -0.991701 -0.008992
0.468512 0.883142 0.023589
0.461057 -0.886734 0.033597
0.250878 -0.965394 -0.071238
0.110866 0.787479 0.606289
0.110867 0.787477 -0.606291
-0.080872 0.930642 0.356883
0.250878 -0.965394 0.071238
0.078843 -0.978222 0.192005
0.079232 -0.995370 0.054412
0.077186 0.995732 0.050592
0.085816 0.994651 -0.057482
0.391404 0.920127 -0.012996
0.385123 -0.922745 -0.014875
0.385123 -0.922745 0.014875
0.391404 0.920127 0.012996
-0.084699 0.844709 0.528482
-0.078163 -0.992723 -0.091608
-0.085580 0.980183 0.178651
-0.250251 0.966693 0.053665
-0.250251 0.966693 -0.053664
-0.089119 0.995282 -0.038351
-0.386586 0.922167 0.012602
-0.389423 -0.920688 0.026154
-0.389423 -0.920688 -0.026154
-0.386586 0.922167 -0.012602
-0.091794 -0.676968 -0.730266
-0.087704 -0.778001 -0.622111
-0.091794 -0.676967 0.730267
-0.087704 -0.778001 0.622111
0.083633 0.901816 0.423950
0.079561 0.970534 -0.227451
0.083633 0.901816 -0.423950
0.080773 -0.917648 -0.389098
0.080773 -0.917648 0.389098
0.095684 0.826491 0.554759
0.095684 0.826491 -0.554759
0.078843 -0.978222 -0.192005
0.086020 -0.994414 -0.061172
0.090626 -0.995874 0.004599
0.108418 0.994096 -0.004263
-0.310422 -0.950338 -0.022285
-0.024918 -0.999688 0.001995
526
1 0 1 2 0 1 2 1
1 3 4 5 3 4 5 1
1 6 7 2 6 7 2 1
1 8 9 10 8 9 10 1
1 11 8 10 11 8 10 1
1 6 12 13 6 12 13 1
1 14 3 5 14 3 5 1
1 15 16 17 15 16 17 1
1 18 19 9 18 19 9 1
1 20 21 22 20 21 22 1
1 23 24 25 23 24 25 1
1 26 27 28 26 27 28 1
1 29 21 20 29 21 20 1
1 30 31 32 30 31 32 1
1 24 33 25 24 33 25 1
1 34 35 29 34 35 29 1
1 36 37 14 36 37 14 1
1 17 16 38 17 16 38 1
1 39 40 38 39 40 38 1
1 36 41 42 36 41 42 1
1 43 33 44 43 33 44 1
1 29 20 45 29 20 45 1
1 46 47 48 46 47 48 1
1 49 13 12 49 13 12 1
1 50 51 52 50 51 52 1
1 53 54 55 53 54 55 1
1 26 56 57 26 56 57 1
1 58 59 52 58 59 52 1
1 60 61 62 60 61 62 1
1 63 64 65 63 64 65 1
1 66 67 68 66 67 68 1
1 69 70 71 69 70 71 1
1 4 72 73 4 72 73 1
1 74 18 9 74 18 9 1
1 7 0 2 7 0 2 1
1 75 76 77 75 76 77 1
1 78 37 36 78 37 36 1
1 79 80 81 79 80 81 1
1 15 82 83 15 82 83 1
1 84 85 86 84 85 86 1
1 87 83 82 87 83 82 1
1 88 89 90 88 89 90 1
1 91 92 93 91 92 93 1
1 94 95 96 94 95 96 1
1 97 98 99 97 98 99 1
1 100 101 102 100 101 102 1
1 103 104 105 103 104 105 1
1 23 66 68 23 66 68 1
1 58 106 59 58 106 59 1
1 107 108 109 107 108 109 1
1 110 111 112 110 111 112 1
1 113 114 115 113 114 115 1
1 116 117 118 116 117 118 1
1 119 120 121 119 120 121 1
1 122 68 67 122 68 67 1
1 123 124 68 123 124 68 1
1 125 82 126 125 82 126 1
1 127 47 46 127 47 46 1
1 128 129 130 128 129 130 1
1 131 132 133 131 132 133 1
1 134 135 136 134 135 136 1
1 137 138 139 137 138 139 1
1 140 79 81 140 79 81 1
1 141 90 89 141 90 89 1
1 142 61 60 142 61 60 1
1 143 103 105 143 103 105 1
1 144 118 117 144 118 117 1
1 145 75 77 145 75 77 1
1 146 147 148 146 147 148 1
1 134 136 149 134 136 149 1
1 150 151 152 150 151 152 1
1 153 154 155 153 154 155 1
1 156 157 158 156 157 158 1
1 100 102 159 100 102 159 1
1 160 151 150 160 151 150 1
1 161 162 163 161 162 163 1
1 164 147 146 164 147 146 1
1 165 166 167 165 166 167 1
1 168 169 170 168 169 170 1
1 171 153 155 171 153 155 1
1 172 173 174 172 173 174 1
1 30 32 34 30 32 34 1
1 175 166 165 175 166 165 1
1 175 176 177 175 176 177 1
1 174 43 44 174 43 44 1
1 178 45 179 178 45 179 1
1 180 181 182 180 181 182 1
1 183 34 178 183 34 178 1
1 162 42 163 162 42 163 1
1 184 185 186 184 185 186 1
1 187 188 189 187 188 189 1
1 187 168 170 187 168 170 1
1 190 191 78 190 191 78 1
1 185 40 39 185 40 39 1
1 192 190 42 192 190 42 1
1 193 194 195 193 194 195 1
1 157 196 158 157 196 158 1
1 197 198 196 197 198 196 1
1 194 191 195 194 191 195 1
1 39 38 199 39 38 199 1
1 200 141 89 200 141 89 1
1 200 201 141 200 201 141 1
1 180 202 181 180 202 181 1
1 203 204 205 203 204 205 1
1 206 207 208 206 207 208 1
1 193 195 209 193 195 209 1
1 43 210 33 43 210 33 1
1 182 181 179 182 181 179 1
1 211 99 212 211 99 212 1
1 211 97 99 211 97 99 1
1 19 10 9 19 10 9 1
1 22 28 27 22 28 27 1
1 213 22 27 213 22 27 1
1 214 156 158 214 156 158 1
1 153 84 154 153 84 154 1
1 150 152 54 150 152 54 1
1 134 137 135 134 137 135 1
1 146 148 107 146 148 107 1
1 215 216 217 215 216 217 1
1 215 192 216 215 192 216 1
1 218 219 183 218 219 183 1
1 218 220 219 218 220 219 1
1 128 131 129 128 131 129 1
1 113 115 119 113 115 119 1
1 100 93 101 100 93 101 1
1 156 214 69 156 214 69 1
1 221 222 223 221 222 223 1
1 221 79 140 221 79 140 1
1 157 197 196 157 197 196 1
1 159 98 97 159 98 97 1
1 224 198 197 224 198 197 1
1 224 225 226 224 225 226 1
1 113 88 114 113 88 114 1
1 128 130 80 128 130 80 1
1 164 165 167 164 165 167 1
1 149 32 31 149 32 31 1
1 160 161 163 160 161 163 1
1 171 169 168 171 169 168 1
1 227 204 203 227 204 203 1
1 227 228 229 227 228 229 1
1 230 231 232 230 231 232 1
1 230 206 208 230 206 208 1
1 233 95 94 233 95 94 1
1 234 110 112 234 110 112 1
1 235 73 72 235 73 72 1
1 236 237 5 236 237 5 1
1 37 3 14 37 3 14 1
1 81 80 130 81 80 130 1
1 238 83 87 238 83 87 1
1 239 240 16 239 240 16 1
1 241 25 242 241 25 242 1
1 243 67 66 243 67 66 1
1 217 162 161 217 162 161 1
1 217 216 162 217 216 162 1
1 220 30 219 220 30 219 1
1 220 31 30 220 31 30 1
1 225 244 226 225 244 226 1
1 225 245 244 225 245 244 1
1 223 246 247 223 246 247 1
1 223 222 246 223 222 246 1
1 48 87 46 48 87 46 1
1 120 119 115 120 119 115 1
1 178 29 45 178 29 45 1
1 178 34 29 178 34 29 1
1 190 36 42 190 36 42 1
1 190 78 36 190 78 36 1
1 248 6 13 248 6 13 1
1 123 68 122 123 68 122 1
1 92 101 93 92 101 93 1
1 249 122 67 249 122 67 1
1 41 163 42 41 163 42 1
1 151 160 163 151 160 163 1
1 136 32 149 136 32 149 1
1 35 34 32 35 34 32 1
1 15 126 82 15 126 82 1
1 169 171 155 169 171 155 1
1 167 147 164 167 147 164 1
1 23 68 124 23 68 124 1
1 250 236 73 250 236 73 1
1 55 54 152 55 54 152 1
1 251 207 206 251 207 206 1
1 251 186 207 251 186 207 1
1 252 205 173 252 205 173 1
1 252 203 205 252 203 205 1
1 202 183 181 202 183 181 1
1 202 218 183 202 218 183 1
1 209 192 215 209 192 215 1
1 209 195 192 209 195 192 1
1 253 59 106 253 59 106 1
1 254 63 65 254 63 65 1
1 255 256 257 255 256 257 1
1 258 259 260 258 259 260 1
1 64 51 65 64 51 65 1
1 250 73 235 250 73 235 1
1 259 50 52 259 50 52 1
1 259 258 50 259 258 50 1
1 258 261 262 258 261 262 1
1 255 257 263 255 257 263 1
1 247 194 193 247 194 193 1
1 247 246 194 247 246 194 1
1 245 182 244 245 182 244 1
1 245 180 182 245 180 182 1
1 264 265 266 264 265 266 1
1 267 268 269 267 268 269 1
1 111 270 112 111 270 112 1
1 48 47 271 48 47 271 1
1 272 273 264 272 273 264 1
1 112 270 274 112 270 274 1
1 267 275 268 267 275 268 1
1 264 273 276 264 273 276 1
1 249 7 6 249 7 6 1
1 92 91 277 92 91 277 1
1 83 16 15 83 16 15 1
1 83 239 16 83 239 16 1
1 66 25 241 66 25 241 1
1 66 23 25 66 23 25 1
1 232 201 200 232 201 200 1
1 232 231 201 232 231 201 1
1 231 39 199 231 39 199 1
1 231 230 208 231 230 208 1
1 228 212 229 228 212 229 1
1 228 211 212 228 211 212 1
1 229 204 227 229 204 227 1
1 229 210 43 229 210 43 1
1 226 198 224 226 198 224 1
1 226 278 45 226 278 45 1
1 222 78 279 222 78 279 1
1 222 221 140 222 221 140 1
1 176 173 177 176 173 177 1
1 176 252 173 176 252 173 1
1 189 186 251 189 186 251 1
1 189 188 186 189 188 186 1
1 139 135 137 139 135 137 1
1 26 28 280 26 28 280 1
1 120 281 121 120 281 121 1
1 282 283 281 282 283 281 1
1 214 70 69 214 70 69 1
1 213 27 284 213 27 284 1
1 238 239 83 238 239 83 1
1 114 88 90 114 88 90 1
1 102 98 159 102 98 159 1
1 243 66 241 243 66 241 1
1 82 46 87 82 46 87 1
1 82 125 46 82 125 46 1
1 4 285 72 4 285 72 1
1 129 131 133 129 131 133 1
1 132 286 116 132 286 116 1
1 121 281 287 121 281 287 1
1 91 288 277 91 288 277 1
1 71 76 289 71 76 289 1
1 125 127 46 125 127 46 1
1 154 84 86 154 84 86 1
1 21 28 22 21 28 22 1
1 290 280 28 290 280 28 1
1 148 108 107 148 108 107 1
1 123 122 291 123 122 291 1
1 122 6 291 122 6 291 1
1 122 249 6 122 249 6 1
1 73 5 4 73 5 4 1
1 73 236 5 73 236 5 1
1 151 237 152 151 237 152 1
1 151 163 41 151 163 41 1
1 136 35 32 136 35 32 1
1 136 135 290 136 135 290 1
1 292 293 56 292 293 56 1
1 139 138 293 139 138 293 1
1 55 294 53 55 294 53 1
1 250 295 294 250 295 294 1
1 138 296 293 138 296 293 1
1 109 104 297 109 104 297 1
1 85 298 62 85 298 62 1
1 53 294 299 53 294 299 1
1 177 166 175 177 166 175 1
1 300 301 166 300 301 166 1
1 302 170 303 302 170 303 1
1 188 187 170 188 187 170 1
1 51 8 52 51 8 52 1
1 235 72 8 235 72 8 1
1 72 9 8 72 9 8 1
1 72 74 9 72 74 9 1
1 27 57 284 27 57 284 1
1 27 26 57 27 26 57 1
1 177 300 166 177 300 166 1
1 177 173 172 177 173 172 1
1 188 184 186 188 184 186 1
1 188 170 302 188 170 302 1
1 195 190 192 195 190 192 1
1 195 191 190 195 191 190 1
1 181 178 179 181 178 179 1
1 181 183 178 181 183 178 1
1 158 304 213 158 304 213 1
1 158 196 304 158 196 304 1
1 169 303 170 169 303 170 1
1 169 126 303 169 126 303 1
1 167 301 124 167 301 124 1
1 167 166 301 167 166 301 1
1 129 305 130 129 305 130 1
1 129 285 305 129 285 305 1
1 130 306 81 130 306 81 1
1 130 305 306 130 305 306 1
1 101 307 243 101 307 243 1
1 101 92 307 101 92 307 1
1 115 308 120 115 308 120 1
1 115 238 308 115 238 308 1
1 120 282 281 120 282 281 1
1 120 308 282 120 308 282 1
1 196 309 304 196 309 304 1
1 196 198 309 196 198 309 1
1 81 310 140 81 310 140 1
1 81 306 310 81 306 310 1
1 139 292 280 139 292 280 1
1 139 293 292 139 293 292 1
1 216 42 162 216 42 162 1
1 216 192 42 216 192 42 1
1 219 34 183 219 34 183 1
1 219 30 34 219 30 34 1
1 92 311 307 92 311 307 1
1 92 277 311 92 277 311 1
1 141 240 90 141 240 90 1
1 141 199 240 141 199 240 1
1 99 242 210 99 242 210 1
1 99 98 242 99 98 242 1
1 277 312 311 277 312 311 1
1 96 95 313 96 95 313 1
1 95 0 313 95 0 313 1
1 273 272 0 273 272 0 1
1 76 314 77 76 314 77 1
1 70 214 284 70 214 284 1
1 57 10 19 57 10 19 1
1 57 11 10 57 11 10 1
1 40 17 38 40 17 38 1
1 184 188 302 184 188 302 1
1 172 300 177 172 300 177 1
1 44 33 24 44 33 24 1
1 198 45 309 198 45 309 1
1 198 226 45 198 226 45 1
1 140 78 222 140 78 222 1
1 140 310 78 140 310 78 1
1 35 21 29 35 21 29 1
1 290 28 21 290 28 21 1
1 237 14 5 237 14 5 1
1 41 36 14 41 36 14 1
1 315 13 49 315 13 49 1
1 105 248 13 105 248 13 1
1 257 105 13 257 105 13 1
1 257 256 105 257 256 105 1
1 257 315 263 257 315 263 1
1 257 13 315 257 13 315 1
1 118 18 74 118 18 74 1
1 77 314 18 77 314 18 1
1 268 77 18 268 77 18 1
1 268 275 77 268 275 77 1
1 268 118 269 268 118 269 1
1 268 18 118 268 18 118 1
1 204 43 174 204 43 174 1
1 204 229 43 204 229 43 1
1 208 39 231 208 39 231 1
1 208 185 39 208 185 39 1
1 86 127 154 86 127 154 1
1 62 61 49 62 61 49 1
1 104 248 105 104 248 105 1
1 108 148 291 108 148 291 1
1 246 279 194 246 279 194 1
1 246 222 279 246 222 279 1
1 244 278 226 244 278 226 1
1 244 182 278 244 182 278 1
1 56 11 57 56 11 57 1
1 56 58 52 56 58 52 1
1 98 241 242 98 241 242 1
1 98 102 241 98 102 241 1
1 90 239 114 90 239 114 1
1 90 240 239 90 240 239 1
1 316 2 1 316 2 1 1
1 12 6 2 12 6 2 1
1 133 285 129 133 285 129 1
1 116 118 74 116 118 74 1
1 152 236 55 152 236 55 1
1 152 237 236 152 237 236 1
1 154 125 155 154 125 155 1
1 154 127 125 154 127 125 1
1 148 123 291 148 123 291 1
1 148 147 123 148 147 123 1
1 114 238 115 114 238 115 1
1 114 239 238 114 239 238 1
1 102 243 241 102 243 241 1
1 102 101 243 102 101 243 1
1 240 38 16 240 38 16 1
1 240 199 38 240 199 38 1
1 242 33 210 242 33 210 1
1 242 25 33 242 25 33 1
1 281 111 287 281 111 287 1
1 281 283 111 281 283 111 1
1 133 116 285 133 116 285 1
1 133 132 116 133 132 116 1
1 265 234 112 265 234 112 1
1 269 118 144 269 118 144 1
1 286 117 116 286 117 116 1
1 287 111 110 287 111 110 1
1 277 96 312 277 96 312 1
1 277 288 96 277 288 96 1
1 70 76 71 70 76 71 1
1 70 284 76 70 284 76 1
1 275 145 77 275 145 77 1
1 276 95 233 276 95 233 1
1 288 94 96 288 94 96 1
1 289 76 75 289 76 75 1
1 214 213 284 214 213 284 1
1 214 158 213 214 158 213 1
1 284 314 76 284 314 76 1
1 284 57 19 284 57 19 1
1 237 41 14 237 41 14 1
1 237 151 41 237 151 41 1
1 290 35 136 290 35 136 1
1 290 21 35 290 21 35 1
1 108 104 109 108 104 109 1
1 108 248 104 108 248 104 1
1 293 58 56 293 58 56 1
1 293 296 58 293 296 58 1
1 256 143 105 256 143 105 1
1 260 59 253 260 59 253 1
1 296 106 58 296 106 58 1
1 297 104 103 297 104 103 1
1 86 62 127 86 62 127 1
1 86 85 62 86 85 62 1
1 294 64 299 294 64 299 1
1 294 295 64 294 295 64 1
1 261 254 65 261 254 65 1
1 263 315 142 263 315 142 1
1 298 60 62 298 60 62 1
1 299 64 63 299 64 63 1
1 135 280 290 135 280 290 1
1 135 139 280 135 139 280 1
1 55 250 294 55 250 294 1
1 55 236 250 55 236 250 1
1 155 126 169 155 126 169 1
1 155 125 126 155 125 126 1
1 147 124 123 147 124 123 1
1 147 167 124 147 167 124 1
1 305 4 3 305 4 3 1
1 305 285 4 305 285 4 1
1 308 87 48 308 87 48 1
1 308 238 87 308 238 87 1
1 282 48 271 282 48 271 1
1 282 308 48 282 308 48 1
1 307 67 243 307 67 243 1
1 307 249 67 307 249 67 1
1 311 249 307 311 249 307 1
1 311 7 249 311 7 249 1
1 306 3 37 306 3 37 1
1 306 305 3 306 305 3 1
1 304 22 213 304 22 213 1
1 304 20 22 304 20 22 1
1 270 1 274 270 1 274 1
1 283 282 271 283 282 271 1
1 303 15 17 303 15 17 1
1 303 126 15 303 126 15 1
1 301 23 124 301 23 124 1
1 301 24 23 301 24 23 1
1 205 174 173 205 174 173 1
1 205 204 174 205 204 174 1
1 207 185 208 207 185 208 1
1 207 186 185 207 186 185 1
1 285 74 72 285 74 72 1
1 285 116 74 285 116 74 1
1 292 26 280 292 26 280 1
1 292 56 26 292 56 26 1
1 312 7 311 312 7 311 1
1 313 0 7 313 0 7 1
1 51 235 8 51 235 8 1
1 295 250 235 295 250 235 1
1 300 24 301 300 24 301 1
1 300 44 24 300 44 24 1
1 302 17 40 302 17 40 1
1 302 303 17 302 303 17 1
1 310 37 78 310 37 78 1
1 310 306 37 310 306 37 1
1 309 20 304 309 20 304 1
1 309 45 20 309 45 20 1
1 212 210 229 212 210 229 1
1 212 99 210 212 99 210 1
1 201 199 141 201 199 141 1
1 201 231 199 201 231 199 1
1 295 51 64 295 51 64 1
1 295 235 51 295 235 51 1
1 279 191 194 279 191 194 1
1 279 78 191 279 78 191 1
1 278 179 45 278 179 45 1
1 278 182 179 278 182 179 1
1 172 44 300 172 44 300 1
1 172 174 44 172 174 44 1
1 184 40 185 184 40 185 1
1 184 302 40 184 302 40 1
1 52 11 56 52 11 56 1
1 52 8 11 52 8 11 1
1 314 19 18 314 19 18 1
1 314 284 19 314 284 19 1
1 316 12 2 316 12 2 1
1 316 49 12 316 49 12 1
1 47 316 271 47 316 271 1
1 47 127 316 47 127 316 1
1 127 49 316 127 49 316 1
1 127 62 49 127 62 49 1
1 291 248 108 291 248 108 1
1 291 6 248 291 6 248 1
1 266 272 264 266 272 264 1
1 266 274 272 266 274 272 1
1 0 274 1 0 274 1 1
1 0 272 274 0 272 274 1
1 283 270 111 283 270 111 1
1 283 1 270 283 1 270 1
1 312 313 7 312 313 7 1
1 312 96 313 312 96 313 1
1 271 1 283 271 1 283 1
1 271 316 1 271 316 1 1
1 266 112 274 266 112 274 1
1 266 265 112 266 265 112 1
1 273 95 276 273 95 276 1
1 273 0 95 273 0 95 1
1 259 59 260 259 59 260 1
1 259 52 59 259 52 59 1
1 262 65 51 262 65 51 1
1 262 261 65 262 261 65 1
1 262 50 258 262 50 258 1
1 262 51 50 262 51 50 1
1 315 61 142 315 61 142 1
1 315 49 61 315 49 61 1

Materials: 1
"Material01"
0.200000 0.200000 0.200000 1.000000
0.800000 0.800000 0.800000 1.000000
0.000000 0.000000 0.000000 1.000000
0.000000 0.000000 0.000000 1.000000
0.000000
1.000000
"snowboard.png"
""

Bones: 0
GroupComments: 0
MaterialComments: 0
BoneComments: 0
ModelComment: 0
