// MilkShape 3D ASCII

Frames: 30
Frame: 1

Meshes: 1
"default" 1 0
252
1 2.582118 -10.340446 7.353099 0.490604 1.752765 -1
1 13.626479 -10.886826 5.384219 0.388520 1.659044 -1
1 0.932097 -9.445686 16.803719 0.442149 1.862364 -1
1 -7.661823 -9.895086 12.771039 0.562093 1.876203 -1
1 12.150638 -10.153926 10.334659 0.368741 1.719415 -1
1 10.909378 -7.563166 17.186760 0.326848 1.802061 -1
1 16.538578 -5.857066 17.968760 0.253606 1.772866 -1
1 20.906296 -6.179925 15.338378 0.230190 1.712486 -1
1 20.810516 -7.512306 12.439677 0.257521 1.683211 -1
1 25.259975 -8.019345 5.496039 0.262188 1.584022 -1
1 22.293596 -4.775686 15.238659 0.205863 1.703373 -1
1 26.543896 -7.414846 2.960979 0.258781 1.547170 -1
1 21.116917 -9.958467 4.089279 0.319252 1.597169 -1
1 25.406136 -8.713126 2.294478 0.283185 1.550332 -1
1 -13.247402 -9.973625 7.117939 0.658960 1.854231 -1
1 -16.697443 -9.766326 -0.191201 0.743892 1.803027 -1
1 -9.890923 -9.559106 -2.281882 0.688246 1.737139 -1
1 -10.176221 -9.254846 -7.114561 0.724938 1.690271 -1
1 -1.490383 -9.451766 -11.351202 0.662949 1.587881 -1
1 1.349238 -9.641826 -2.543541 0.572051 1.659731 -1
1 12.265378 -10.812686 -2.722281 0.457677 1.585942 -1
1 -9.745643 -6.514166 -18.076241 0.801451 1.575904 -1
1 22.008636 -2.347046 5.372199 0.872090 0.427810 -1
1 23.663334 -3.694466 9.435159 0.924743 0.470729 -1
1 25.965216 -5.539366 1.851418 0.922436 0.347729 -1
1 26.543896 -7.414846 2.960979 0.960506 0.349638 -1
1 22.293596 -4.775686 15.238659 0.960506 0.561753 -1
1 18.941076 -0.369006 10.415518 0.849998 0.514173 -1
1 -1.358642 -1.712986 23.258820 0.675669 0.822360 -1
1 -0.569702 -4.007106 26.402679 0.714777 0.869378 -1
1 5.665917 -0.364766 19.868721 0.743183 0.730778 -1
1 -1.060702 -5.352826 27.068338 0.720031 0.894026 -1
1 -4.303623 -5.044966 26.820459 0.665698 0.910356 -1
1 10.438038 -3.452886 22.642601 0.838630 0.741073 -1
1 11.926018 -5.484106 23.714520 0.882875 0.753580 -1
1 0.930358 0.099194 20.767101 0.684370 0.767445 -1
1 -16.101782 -8.193086 -22.847019 0.111546 0.265316 -1
1 -13.812882 -7.087166 -23.281120 0.153985 0.249687 -1
1 -13.247822 -9.092786 -26.208200 0.135897 0.190976 -1
1 -8.773303 -7.218946 -26.064640 0.219310 0.178055 -1
1 -5.051963 -8.074306 -29.337980 0.261052 0.105591 -1
1 -18.850363 -7.455366 -18.990002 0.904646 1.636481 -1
1 -19.870922 -7.730846 -17.951721 0.899030 1.652838 -1
1 -22.062843 -6.857026 -13.930322 0.903749 1.704133 -1
1 -15.711041 -1.908666 -15.331862 0.203753 0.398488 -1
1 -12.165622 0.601814 -16.141041 0.268454 0.373667 -1
1 -18.850363 -7.455366 -18.990002 0.091271 0.346080 -1
1 8.872118 -6.867166 -24.853821 0.492857 0.083198 -1
1 16.660538 -6.344286 -21.053881 0.625966 0.096220 -1
1 10.142919 -8.186026 -24.984240 0.510149 0.059321 -1
1 13.990318 -4.508726 -20.256701 0.594272 0.133010 -1
1 20.198536 -5.186746 -16.263420 0.709145 0.140000 -1
1 18.946796 -7.503066 -19.373140 0.673075 0.084098 -1
1 12.392778 -2.583666 -17.901300 0.586067 0.181837 -1
1 20.147076 -1.550026 14.349219 0.894415 0.558389 -1
1 16.897457 0.447874 13.074438 0.834783 0.561151 -1
1 14.428039 -0.736226 17.675100 0.837893 0.637049 -1
1 14.176638 1.764254 15.008399 0.801647 0.599668 -1
1 10.560458 2.425334 17.149719 0.766825 0.646961 -1
1 -5.380483 0.749134 19.745041 0.593680 0.791798 -1
1 -6.307543 -4.106426 25.565220 0.626432 0.899342 -1
1 -8.321782 0.455114 18.868240 0.549255 0.800790 -1
1 -26.274164 -3.809246 1.216419 0.162224 0.708643 -1
1 -20.805185 -1.023226 3.537099 0.266767 0.699122 -1
1 -20.980785 -0.379706 -1.715421 0.232527 0.624309 -1
1 -21.618444 -1.676286 -6.974321 0.179532 0.555610 -1
1 -18.589323 1.375794 -6.325841 0.247512 0.543301 -1
1 -26.645643 -4.101586 -3.151042 0.124174 0.648568 -1
1 -1.208342 -6.215405 -27.707781 0.332269 0.123258 -1
1 -9.074263 -0.925206 -19.780840 0.281897 0.300669 -1
1 -1.107282 -0.331346 -21.400579 0.385025 0.236407 -1
1 15.497098 -2.332826 -15.320382 0.645496 0.198308 -1
1 18.254837 -2.131566 -11.874302 0.706962 0.226378 -1
1 8.566038 9.794455 13.645320 0.679756 0.593877 -1
1 3.833718 12.086615 13.304679 0.627182 0.606340 -1
1 4.476597 7.669954 16.445559 0.664478 0.649671 -1
1 -3.716522 10.937834 14.300677 0.565414 0.652661 -1
1 -7.171983 7.755175 15.528738 0.540149 0.697669 -1
1 -1.008722 8.912554 16.323938 0.604306 0.668938 -1
1 -6.379783 13.047295 10.571599 0.524038 0.624674 -1
1 -8.618642 9.919075 13.137998 0.514619 0.669107 -1
1 -9.572903 11.650654 9.930119 0.491750 0.638295 -1
1 -5.943603 15.558974 3.704579 0.499317 0.562296 -1
1 -12.639922 10.167295 -7.674582 0.376480 0.494817 -1
1 -14.823702 7.445494 -7.269641 0.339065 0.508319 -1
1 -15.631602 7.753194 -3.831441 0.348751 0.548590 -1
1 4.718097 17.159113 -1.666962 0.563545 0.480385 -1
1 6.039577 16.996534 0.811399 0.583102 0.493854 -1
1 10.155839 13.486654 -3.714122 0.605174 0.436609 -1
1 1.103818 17.730015 2.176259 0.550293 0.521552 -1
1 -0.441462 17.043854 -4.262901 0.514339 0.479354 -1
1 9.319798 12.887974 -6.699621 0.586376 0.413627 -1
1 13.512117 8.856494 -7.374022 0.630959 0.374862 -1
1 4.134357 16.065994 -5.148642 0.546405 0.454276 -1
1 6.589537 12.157074 -10.357702 0.547507 0.392091 -1
1 2.377198 14.643794 -8.671842 0.518076 0.430169 -1
1 8.967618 9.365794 -11.818381 0.564928 0.355811 -1
1 -3.284242 16.466454 -4.307001 0.491048 0.489024 -1
1 -4.852663 14.469114 -8.054842 0.459986 0.463099 -1
1 -8.207542 13.908514 -6.286061 0.437114 0.490570 -1
1 -2.472682 17.337254 0.531718 0.516764 0.522735 -1
1 -5.795943 11.436774 -12.054742 0.426796 0.426542 -1
1 1.613657 11.822574 -12.630761 0.491968 0.390987 -1
1 -2.339363 8.592314 -15.381461 0.435435 0.369535 -1
1 -2.178583 13.698294 -10.136462 0.472564 0.433910 -1
1 -9.074142 10.975294 -10.969262 0.400180 0.449909 -1
1 -8.367262 8.791895 -13.314002 0.385297 0.418150 -1
1 -12.205022 8.436814 -10.714801 0.358117 0.461918 -1
1 -4.746502 16.441095 -1.029022 0.491645 0.519736 -1
1 -10.909781 12.907754 -1.285461 0.430176 0.544874 -1
1 -15.777621 7.799594 1.826179 0.375902 0.607673 -1
1 -13.994081 10.205995 -0.847162 0.392879 0.566496 -1
1 -13.712642 8.394274 8.723418 0.439108 0.661592 -1
1 -11.835662 11.444894 5.486119 0.448707 0.611678 -1
1 -2.143543 16.685675 5.899299 0.539799 0.561854 -1
1 1.484738 16.630135 7.197278 0.572785 0.557683 -1
1 4.621477 17.129555 3.945539 0.583678 0.521937 -1
1 -2.052803 14.831195 10.132458 0.558276 0.597502 -1
1 0.809337 13.762914 11.994478 0.591031 0.603376 -1
1 4.482277 15.429494 8.574558 0.603478 0.558292 -1
1 14.897819 9.779755 3.701079 0.692351 0.474242 -1
1 8.513658 14.169754 7.401278 0.635278 0.534556 -1
1 14.513198 8.896454 7.380759 0.710201 0.508970 -1
1 10.372418 14.234175 1.345659 0.625865 0.478581 -1
1 16.605038 7.732134 1.450959 0.709132 0.441039 -1
1 15.692358 6.530234 8.367058 0.741826 0.510975 -1
1 16.229677 6.989774 -4.169161 0.681329 0.384929 -1
1 15.504238 2.178474 -9.437442 0.670919 0.298078 -1
1 17.220737 0.567774 -8.664021 0.703698 0.288576 -1
1 17.655298 2.690934 -4.553101 0.722289 0.348092 -1
1 18.264877 3.160554 -0.496241 0.750673 0.393567 -1
1 11.255057 3.918654 -13.906062 0.586788 0.287337 -1
1 5.848877 8.852474 -13.899282 0.525044 0.347100 -1
1 9.612158 2.671974 -15.872701 0.558403 0.264929 -1
1 12.962218 0.819634 -14.310182 0.612125 0.248188 -1
1 0.281738 3.184234 -18.132002 0.431506 0.289940 -1
1 3.110958 8.671294 -14.910441 0.492200 0.349025 -1
1 -4.275583 3.327834 -17.438540 0.378242 0.323133 -1
1 -10.336502 3.349214 -15.114282 0.317059 0.386765 -1
1 1.110738 -0.363886 -20.939360 0.417620 0.227224 -1
1 -13.680821 3.057534 -12.541321 0.287407 0.435798 -1
1 -19.045542 1.602354 -1.615321 0.271583 0.608215 -1
1 -10.739882 8.387634 12.928078 0.491568 0.685739 -1
1 -9.709422 4.656214 15.790658 0.512934 0.737550 -1
1 -13.393342 3.073454 13.750138 0.454298 0.747820 -1
1 -11.875582 -0.548826 17.445259 0.491397 0.814234 -1
1 -15.351982 2.629094 11.334958 0.413415 0.737103 -1
1 -4.710463 3.684274 18.094799 0.586532 0.744794 -1
1 1.651757 2.319014 19.398979 0.675597 0.731520 -1
1 13.134638 3.694574 14.312119 0.770842 0.593556 -1
1 11.491939 5.791634 14.817898 0.737374 0.601694 -1
1 12.666759 8.364694 11.637858 0.716522 0.558312 -1
1 9.317058 4.852914 16.745621 0.730751 0.637482 -1
1 16.579956 3.796454 8.332758 0.777219 0.504798 -1
1 4.394477 2.180734 -18.038561 0.481446 0.261961 -1
1 8.325877 -3.481906 -20.634399 0.514240 0.165342 -1
1 1.572497 -7.054886 -28.854721 0.362810 0.092228 -1
1 -17.307203 1.014754 -9.426502 0.242056 0.494696 -1
1 -23.643465 -6.422746 -11.928223 0.907260 1.735570 -1
1 -23.643465 -6.422746 -11.928223 0.071945 0.497610 -1
1 -25.326664 -4.591206 -7.595541 0.103307 0.576340 -1
1 -26.244984 -5.638145 -6.833282 0.084049 0.595638 -1
1 -27.310005 -5.095046 -1.716261 0.114352 0.677777 -1
1 -16.689604 -0.814966 12.184119 0.387390 0.784870 -1
1 -18.364584 1.593154 5.458239 0.329683 0.693465 -1
1 -19.182642 -3.250446 11.692437 0.340299 0.812755 -1
1 -21.277445 -2.099146 6.133358 0.274724 0.741940 -1
1 -19.821743 -6.447126 15.756759 0.354843 0.893636 -1
1 -12.353743 -3.069186 20.168619 0.502364 0.869352 -1
1 -23.080904 -7.655566 12.885439 0.277551 0.890204 -1
1 -24.669025 -6.389406 10.185839 0.235144 0.849882 -1
1 -14.783362 -5.911126 22.029539 0.481675 0.930017 -1
1 -10.795782 -4.314686 23.525980 0.549771 0.906439 -1
1 -12.957643 -6.119866 23.525242 0.518454 0.939228 -1
1 5.605417 3.677114 18.204758 0.707086 0.684277 -1
1 8.849917 0.207334 19.130638 0.772980 0.694568 -1
1 16.459938 -2.435406 18.898258 0.880737 0.642137 -1
1 12.497437 -4.551626 23.156641 0.876009 0.734544 -1
1 20.389616 -3.437226 16.850780 0.925126 0.592386 -1
1 20.504337 -0.380586 0.488039 0.808947 0.378401 -1
1 19.793077 -0.063646 -2.375362 0.781146 0.347040 -1
1 18.454136 2.451394 3.351339 0.783008 0.434013 -1
1 23.424437 -3.528466 -0.117241 0.862555 0.342853 -1
1 25.522736 -5.669166 -5.347821 0.865767 0.252836 -1
1 22.583076 -3.737286 -5.981462 0.812458 0.269329 -1
1 23.106556 -5.469206 -12.020703 0.784166 0.176427 -1
1 25.709377 -7.040505 -7.748161 0.863202 0.209229 -1
1 18.946796 -7.503066 -19.373140 0.490918 1.361314 -1
1 17.744658 -8.497546 -18.874380 0.502861 1.379049 -1
1 10.142919 -8.186026 -24.984240 0.631205 1.358562 -1
1 19.572077 -8.834646 -13.689421 0.450125 1.424734 -1
1 14.971138 -9.343746 -18.003342 0.528973 1.407743 -1
1 0.518398 -8.722326 -26.620819 0.751620 1.413959 -1
1 4.108917 -10.028266 -18.762381 0.653913 1.471962 -1
1 7.213057 -9.457406 -23.296219 0.651881 1.401370 -1
1 10.381518 -10.220245 -14.287003 0.555233 1.477865 -1
1 -5.162663 -7.275146 -23.798161 0.795332 1.487776 -1
1 3.167958 -8.242966 -28.073540 0.734739 1.377113 -1
1 -1.682943 -8.086286 -29.474899 0.801715 1.398235 -1
1 -3.725302 -8.283306 -28.515419 0.815562 1.429458 -1
1 -12.334122 -6.503926 -19.987421 0.840878 1.574673 -1
1 -6.524163 -7.901726 -26.678761 0.831356 1.467132 -1
1 -5.051963 -8.074306 -29.337980 0.842456 1.430959 -1
1 -8.023643 -8.770486 -28.566660 0.860339 1.462588 -1
1 -15.870702 -8.167186 -21.670000 0.895021 1.583782 -1
1 -16.101782 -8.193086 -22.847019 0.907260 1.573279 -1
1 -13.247822 -9.092786 -26.208200 0.903091 1.514014 -1
1 -20.664864 -8.292346 -13.627241 0.879853 1.696699 -1
1 -18.726202 -8.559886 -11.872182 0.847663 1.701473 -1
1 -24.011784 -7.150326 -10.173882 0.892320 1.753841 -1
1 -23.645863 -7.471166 -4.224301 0.847047 1.810574 -1
1 -18.784803 -8.186866 -17.329601 0.885203 1.649889 -1
1 -26.969883 -5.804786 0.873219 0.851244 1.887151 -1
1 -20.832424 -8.766806 1.474418 0.776164 1.847470 -1
1 -26.244984 -5.638145 -6.833282 0.899214 1.804316 -1
1 -26.287725 -7.206826 6.313239 0.799674 1.931249 -1
1 -27.073423 -6.106326 5.226519 0.820073 1.930672 -1
1 -24.669025 -6.389406 10.185839 0.767667 1.967441 -1
1 -20.458204 -8.653666 13.975799 0.689843 1.969476 -1
1 -14.344362 -7.648066 21.776478 0.576711 2.015451 -1
1 -9.283162 -9.006546 16.650379 0.553505 1.928319 -1
1 -23.080904 -7.655566 12.885439 0.726288 1.977700 -1
1 -15.484962 -7.279366 21.601921 0.589774 2.022493 -1
1 -12.957643 -6.119866 23.525242 0.548886 2.033767 -1
1 -7.944563 -6.239866 23.751240 0.487910 2.004127 -1
1 20.250114 -10.539025 -0.499561 0.360144 1.557199 -1
1 23.554657 -8.812606 -8.730962 0.377699 1.452909 -1
1 25.035637 -8.016406 -8.885781 0.361905 1.440465 -1
1 22.785915 -6.701406 -14.055341 0.409735 1.392427 -1
1 -4.303623 -5.044966 26.820459 0.423008 2.015218 -1
1 -2.711062 -6.115346 26.636898 0.410851 1.995314 -1
1 -1.060702 -5.352826 27.068338 0.387840 1.994776 -1
1 -8.562762 -5.225486 24.911919 0.485041 2.026030 -1
1 11.117618 -6.459226 23.095041 0.283135 1.864455 -1
1 3.924698 -7.708166 20.689659 0.379931 1.886260 -1
1 16.636356 -4.957606 19.795719 0.235159 1.792811 -1
1 16.636356 -4.957606 19.795719 0.916668 0.665662 -1
1 -27.073423 -6.106326 5.226519 0.162253 0.784631 -1
1 -26.488504 -4.931466 4.677359 0.176393 0.764978 -1
1 22.785915 -6.701406 -14.055341 0.771923 0.139088 -1
1 14.520378 10.044694 -2.305722 0.660070 0.421596 -1
1 7.308477 15.509315 5.812559 0.614776 0.526160 -1
1 -16.167423 5.656134 6.411039 0.387977 0.666302 -1
1 3.167958 -8.242966 -28.073540 0.385352 0.070902 -1
1 -15.484962 -7.279366 21.601921 0.463969 0.947944 -1
1 -1.682943 -8.086286 -29.474899 0.312442 0.088778 -1
1 -27.310005 -5.095046 -1.716261 0.876611 1.865615 -1
1 -8.562762 -5.225486 24.911919 0.591131 0.919482 -1
1 25.709377 -7.040505 -7.748161 0.342097 1.440520 -1
1 2.902758 -5.994326 25.863300 0.351538 1.953961 -1
1 2.902758 -5.994326 25.863300 0.777127 0.857982 -1
1 11.926018 -5.484106 23.714520 0.264778 1.868283 -1
226
-0.033235 -0.999388 0.010889
0.045957 -0.995225 0.086117
0.028805 -0.967319 0.251921
-0.045162 -0.990975 0.126214
0.159399 -0.940716 0.299409
0.184817 -0.941929 0.280379
0.248023 -0.898077 0.363239
0.426145 -0.772429 0.470908
0.275195 -0.896125 0.348178
0.589501 -0.743394 0.315997
0.852260 -0.009258 0.523037
0.988597 -0.079876 0.127658
0.250815 -0.949506 0.188496
0.583295 -0.811111 0.043198
-0.102007 -0.993945 0.040852
-0.102536 -0.993134 -0.056306
-0.014768 -0.997533 -0.068633
-0.030903 -0.989354 -0.142207
-0.150241 -0.985357 -0.080616
-0.054490 -0.997538 -0.044140
-0.027987 -0.999160 -0.029930
-0.062300 -0.989215 -0.132560
0.712615 0.698691 0.063325
0.762458 0.630536 0.145194
0.785457 0.618798 0.012076
0.644134 0.745885 0.169550
0.025104 0.784489 0.619634
0.075455 0.662872 0.744921
0.149283 0.619322 0.770815
0.103882 -0.101200 0.989428
-0.221671 0.127742 0.966718
0.173600 0.682820 0.709662
0.356434 -0.022901 0.934040
0.081351 0.644079 0.760621
-0.784138 -0.298563 -0.544048
-0.436956 0.691936 -0.574713
-0.397990 -0.793324 -0.460697
-0.285208 0.750151 -0.596599
-0.195889 0.595920 -0.778785
-0.762123 -0.183881 -0.620771
-0.614855 -0.642602 -0.457183
-0.696977 -0.625954 -0.349864
-0.592777 0.622849 -0.510563
-0.507987 0.604572 -0.613548
0.327934 0.613186 -0.718653
0.484907 0.478642 -0.731961
0.421998 -0.519563 -0.742948
0.305698 0.788549 -0.533610
0.562783 0.672282 -0.480950
0.704386 -0.268874 -0.656922
0.342710 0.664998 -0.663572
0.551876 0.767464 0.326240
0.601329 0.693809 0.396273
0.425446 0.720779 0.547241
0.567197 0.584554 0.580159
0.394414 0.515360 0.760817
-0.154509 0.643629 0.749579
-0.256650 0.605110 0.753640
-0.372858 0.656507 0.655725
-0.707582 0.699587 0.099529
-0.617814 0.753862 0.223602
-0.643502 0.765407 -0.007574
-0.598412 0.733084 -0.323251
-0.776547 0.592019 -0.215610
-0.727982 0.667453 -0.156682
-0.154876 0.749130 -0.644063
-0.308063 0.662115 -0.683155
-0.038146 0.705076 -0.708105
0.445032 0.743778 -0.498740
0.607729 0.717484 -0.340415
0.383134 0.628294 0.677094
0.219262 0.698173 0.681527
0.170375 0.508451 0.844067
-0.208893 0.682465 0.700432
-0.329312 0.488412 0.808089
-0.046062 0.540522 0.840068
-0.362884 0.811163 0.458616
-0.405535 0.658181 0.634302
-0.537052 0.749275 0.387508
-0.455952 0.874839 0.163597
-0.669917 0.686818 -0.281941
-0.784973 0.484911 -0.385589
-0.827718 0.545460 -0.131743
0.288015 0.932172 -0.219323
0.391099 0.920287 -0.010644
0.572874 0.785229 -0.235014
0.014106 0.998474 0.053396
-0.036661 0.949444 -0.311789
0.494093 0.769882 -0.403923
0.693563 0.573065 -0.436540
0.269427 0.874765 -0.402735
0.339349 0.757600 -0.557571
0.125499 0.845783 -0.518557
0.462276 0.621609 -0.632379
-0.279931 0.930169 -0.237539
-0.247722 0.852118 -0.461008
-0.458871 0.846690 -0.269358
-0.249697 0.968316 -0.003959
-0.208505 0.719189 -0.662792
0.119542 0.711408 -0.692538
-0.103293 0.547247 -0.830573
-0.082825 0.823895 -0.560658
-0.438512 0.718632 -0.539699
-0.403380 0.502974 -0.764397
-0.642515 0.517593 -0.565041
-0.420295 0.905590 -0.057090
-0.581628 0.812858 -0.031143
-0.831313 0.547888 0.093478
-0.725265 0.688055 -0.023900
-0.743201 0.575794 0.340755
-0.644947 0.746164 0.165178
-0.245494 0.932959 0.263289
0.028162 0.927479 0.372813
0.235191 0.947205 0.217917
-0.172068 0.838710 0.516679
0.021265 0.773459 0.633489
0.264841 0.844072 0.466263
0.748282 0.648783 0.138400
0.521010 0.762953 0.382691
0.719577 0.624864 0.302910
0.616446 0.786549 0.036535
0.881303 0.471945 0.023938
0.850828 0.412480 0.325504
0.861937 0.431223 -0.266668
0.745245 0.494872 -0.446890
0.768804 0.559359 -0.309933
0.850026 0.436373 -0.295018
0.914709 0.394850 -0.086024
0.601070 0.463046 -0.651386
0.340870 0.548167 -0.763754
0.448421 0.483860 -0.751530
0.593327 0.553573 -0.584397
0.055105 0.558726 -0.827520
0.154904 0.531340 -0.832876
-0.216461 0.549545 -0.806936
-0.442702 0.542053 -0.714278
0.255635 0.676111 -0.691031
-0.634024 0.487190 -0.600549
-0.829703 0.557973 -0.016094
-0.598472 0.516727 0.612229
-0.426207 0.447497 0.786190
-0.668671 0.414422 0.617359
-0.554366 0.525683 0.645241
-0.790177 0.419026 0.447257
-0.197185 0.441110 0.875523
0.043980 0.453446 0.890198
0.691665 0.443517 0.569992
0.561313 0.446094 0.697085
0.654312 0.560058 0.508145
0.339279 0.443823 0.829404
0.799946 0.506092 0.322424
0.251677 0.500259 -0.828493
0.297561 0.731389 -0.613618
0.165510 0.532021 -0.830398
-0.705988 0.553080 -0.442362
-0.843661 -0.027666 -0.536164
-0.689632 0.610152 -0.390027
-0.943900 -0.140798 -0.298713
-0.998080 0.022150 -0.057843
-0.706639 0.547692 0.447990
-0.836174 0.503872 0.216625
-0.598456 0.671002 0.437729
-0.562464 0.761109 0.323029
-0.648853 0.550354 0.525453
-0.537914 0.687084 0.488430
-0.794634 -0.254061 0.551371
-0.759047 0.439118 0.480648
-0.615433 0.490364 0.617078
-0.431402 0.656694 0.618583
-0.382066 -0.153516 0.911295
0.198341 0.404665 0.892697
0.112804 0.576475 0.809291
0.373315 0.715939 0.589971
0.444711 0.384425 0.808981
0.632159 0.373275 0.679000
0.750715 0.657613 -0.063016
0.796267 0.579399 -0.173941
0.873992 0.480486 0.072603
0.660227 0.749344 -0.050831
0.784725 0.606163 -0.129510
0.630898 0.758490 -0.163280
0.679657 0.669148 -0.300512
0.970528 -0.013136 -0.240632
0.333706 -0.893661 -0.300018
0.253851 -0.953309 -0.163590
0.183286 -0.965853 -0.183124
-0.116803 -0.988311 -0.097974
-0.064244 -0.996136 -0.059878
0.079528 -0.971240 -0.224427
0.094766 -0.991378 -0.090493
-0.131512 -0.987896 0.082254
0.339635 -0.416566 -0.843280
0.067117 -0.801144 -0.594696
0.040698 -0.990597 0.130619
0.155758 -0.977477 0.142398
0.097080 -0.944864 0.312741
-0.059727 -0.846498 -0.529032
-0.067393 -0.994936 0.074566
-0.471441 -0.852280 -0.226632
-0.062576 -0.994942 -0.078584
-0.543346 -0.827801 -0.139720
-0.347504 -0.936988 -0.035991
-0.185767 -0.970159 -0.155825
-0.624312 -0.778163 -0.068530
-0.294640 -0.955259 -0.025846
-0.680963 -0.718947 0.139300
-0.984297 0.013155 0.176031
-0.240824 -0.952304 0.187404
-0.139730 -0.860039 0.490723
-0.028919 -0.964911 0.260982
-0.642115 -0.292102 0.708777
-0.059091 -0.883966 0.463801
0.222671 -0.974745 -0.016993
0.309125 -0.939147 -0.149817
0.613302 -0.750211 -0.247072
0.854501 0.150913 -0.497045
-0.105671 -0.772510 0.626148
-0.310937 -0.404366 0.860120
0.274097 -0.876704 0.395298
0.052968 -0.956380 0.287282
0.566418 -0.464855 0.680500
-0.650419 0.707252 0.277038
0.730153 0.666977 -0.148389
0.453508 0.856528 0.246353
-0.849075 0.451657 0.274004
0.146577 -0.743648 0.652306
448
1 0 1 2 0 1 2 1
1 0 2 3 0 2 3 1
1 2 1 4 2 1 4 1
1 5 4 6 5 4 6 1
1 7 8 9 7 8 9 1
1 10 9 11 10 9 11 1
1 8 7 6 8 7 6 1
1 9 12 13 9 12 13 1
1 0 14 15 0 14 15 1
1 16 17 18 16 17 18 1
1 0 19 20 0 19 20 1
1 18 17 21 18 17 21 1
1 22 23 24 22 23 24 1
1 25 23 26 11 23 10 1
1 27 23 22 25 23 22 1
1 28 29 30 26 27 28 1
1 31 29 32 29 27 30 1
1 30 29 33 28 27 31 1
1 34 29 31 32 27 29 1
1 35 28 30 33 26 28 1
1 36 37 38 34 35 36 1
1 38 39 40 36 37 38 1
1 41 42 43 39 40 41 1
1 37 44 45 35 42 43 1
1 44 37 46 42 35 39 1
1 47 48 49 44 45 46 1
1 50 48 47 47 45 44 1
1 48 50 51 45 47 48 1
1 49 48 52 46 45 49 1
1 53 50 47 50 47 44 1
1 54 55 56 51 52 53 1
1 56 57 58 53 54 55 1
1 59 60 28 56 57 26 1
1 60 59 61 57 56 58 1
1 59 28 35 56 26 33 1
1 62 63 64 59 60 61 1
1 65 64 66 62 61 63 1
1 67 64 65 64 61 62 1
1 68 69 70 65 66 67 1
1 71 72 51 68 69 48 1
1 73 74 75 70 71 72 1
1 76 77 78 73 74 75 1
1 76 79 80 73 76 77 1
1 81 79 82 78 76 79 1
1 83 84 85 80 81 82 1
1 86 87 88 83 84 85 1
1 89 86 90 86 83 87 1
1 91 88 92 88 85 89 1
1 93 94 95 90 91 92 1
1 96 91 92 93 88 89 1
1 97 98 99 94 95 96 1
1 90 100 89 87 97 86 1
1 90 97 100 87 94 97 1
1 101 102 103 98 99 100 1
1 98 104 101 95 101 98 1
1 104 95 102 101 92 99 1
1 99 98 105 96 95 102 1
1 105 106 107 102 103 104 1
1 105 83 99 102 80 96 1
1 108 97 99 105 94 96 1
1 82 108 109 79 105 106 1
1 110 111 85 107 108 82 1
1 111 109 83 108 106 80 1
1 112 113 110 109 110 107 1
1 113 81 82 110 78 79 1
1 114 115 89 111 112 86 1
1 89 115 116 86 112 113 1
1 79 117 114 76 114 111 1
1 118 74 119 115 71 116 1
1 117 118 115 114 115 112 1
1 116 115 119 113 112 116 1
1 116 87 89 113 84 86 1
1 120 121 122 117 118 119 1
1 123 121 120 120 118 117 1
1 124 120 125 121 117 122 1
1 126 127 92 123 124 89 1
1 128 127 129 125 124 126 1
1 130 126 124 127 123 121 1
1 131 96 92 128 93 89 1
1 132 131 133 129 128 130 1
1 133 134 53 130 131 50 1
1 135 103 136 132 100 133 1
1 69 137 70 66 134 67 1
1 137 69 138 134 66 135 1
1 70 135 139 67 132 136 1
1 70 137 135 67 134 132 1
1 138 69 45 135 66 43 1
1 140 138 45 137 135 43 1
1 140 45 44 137 43 42 1
1 107 106 140 104 103 137 1
1 137 106 103 134 103 100 1
1 138 106 137 135 103 134 1
1 85 84 66 82 81 63 1
1 64 141 66 61 138 63 1
1 142 143 77 139 140 74 1
1 144 143 142 141 140 139 1
1 145 143 144 142 140 141 1
1 146 142 112 143 139 109 1
1 59 143 61 56 140 58 1
1 147 148 78 144 145 75 1
1 78 148 75 75 145 72 1
1 149 150 58 146 147 55 1
1 57 149 58 54 146 55 1
1 150 149 151 147 146 148 1
1 75 152 73 72 149 70 1
1 55 149 57 52 146 54 1
1 153 55 27 150 52 25 1
1 149 55 153 146 52 150 1
1 22 153 27 22 150 25 1
1 151 125 122 148 122 119 1
1 53 154 133 50 151 130 1
1 132 154 136 129 151 133 1
1 155 139 53 152 136 50 1
1 47 155 53 44 152 50 1
1 68 156 40 65 153 38 1
1 140 44 157 137 42 154 1
1 43 158 41 41 155 39 1
1 157 65 66 154 62 63 1
1 44 65 157 42 62 154 1
1 159 160 65 155 156 62 1
1 65 160 67 62 156 64 1
1 67 161 162 64 157 158 1
1 144 163 145 141 159 142 1
1 144 146 163 141 143 159 1
1 163 164 63 159 160 60 1
1 163 146 164 159 143 160 1
1 165 163 166 161 159 162 1
1 167 168 165 163 164 161 1
1 166 163 63 162 159 60 1
1 169 167 170 165 163 166 1
1 170 167 165 166 163 161 1
1 168 171 172 164 167 168 1
1 171 168 167 167 164 163 1
1 172 173 60 168 169 57 1
1 174 148 30 170 145 28 1
1 30 148 35 28 145 33 1
1 174 30 175 170 28 171 1
1 176 33 177 172 31 173 1
1 54 176 178 51 172 174 1
1 56 176 54 53 172 51 1
1 176 177 178 172 173 174 1
1 175 33 58 171 31 55 1
1 179 180 181 175 176 177 1
1 180 130 181 176 127 177 1
1 22 181 153 22 177 150 1
1 129 180 128 126 176 125 1
1 124 181 130 121 177 127 1
1 182 179 22 178 175 22 1
1 183 182 24 179 178 24 1
1 25 183 24 11 179 24 1
1 24 182 22 24 178 22 1
1 184 185 72 180 181 69 1
1 184 183 185 180 179 181 1
1 186 183 25 182 179 11 1
1 180 72 128 176 69 125 1
1 187 188 189 49 183 46 1
1 190 191 188 184 185 183 1
1 192 193 18 186 187 18 1
1 194 195 193 188 189 187 1
1 193 195 20 187 189 20 1
1 196 18 21 190 18 21 1
1 192 18 196 186 18 190 1
1 189 194 197 46 188 191 1
1 191 195 194 185 189 188 1
1 194 193 192 188 187 186 1
1 192 198 194 186 192 188 1
1 196 199 192 190 193 186 1
1 200 196 21 194 190 21 1
1 201 196 200 195 190 194 1
1 202 198 203 38 192 196 1
1 204 205 206 197 34 36 1
1 205 204 41 34 197 39 1
1 201 206 199 195 36 193 1
1 202 203 206 38 196 36 1
1 207 208 209 198 199 200 1
1 209 208 210 200 199 201 1
1 42 211 43 40 202 41 1
1 212 210 213 203 201 204 1
1 210 212 209 201 203 200 1
1 209 214 158 200 157 155 1
1 213 215 212 204 205 203 1
1 216 215 217 206 205 166 1
1 14 218 213 14 207 204 1
1 219 218 220 208 207 209 1
1 14 213 15 14 204 15 1
1 221 218 222 165 207 210 1
1 222 218 219 210 207 208 1
1 223 219 224 169 208 211 1
1 225 226 227 212 213 214 1
1 228 227 187 215 214 49 1
1 4 8 6 4 8 6 1
1 4 12 8 4 12 8 1
1 225 20 195 212 20 189 1
1 229 230 231 30 216 29 1
1 232 224 230 217 211 216 1
1 233 234 5 218 219 5 1
1 5 234 2 5 219 2 1
1 6 235 233 6 220 218 1
1 5 6 233 5 6 218 1
1 178 236 26 174 220 10 1
1 5 2 4 5 2 4 1
1 19 0 15 19 0 15 1
1 19 15 16 19 15 16 1
1 10 7 9 10 7 9 1
1 9 8 12 9 8 12 1
1 11 9 13 11 9 13 1
1 0 3 14 0 3 14 1
1 220 3 2 209 3 2 1
1 15 17 16 15 17 16 1
1 54 178 26 51 174 10 1
1 54 26 23 51 10 23 1
1 15 208 17 15 199 17 1
1 19 16 18 19 16 18 1
1 18 193 19 18 187 19 1
1 20 19 193 20 19 187 1
1 62 162 237 59 158 206 1
1 62 237 238 59 206 221 1
1 54 23 27 51 23 25 1
1 25 24 23 11 24 23 1
1 32 29 60 30 27 57 1
1 33 29 34 31 27 32 1
1 170 238 237 166 221 206 1
1 166 238 170 162 221 166 1
1 63 62 238 60 59 221 1
1 63 238 166 60 221 162 1
1 51 239 52 48 215 49 1
1 51 52 48 48 49 45 1
1 165 166 170 161 162 166 1
1 46 37 36 39 35 34 1
1 38 37 39 36 35 37 1
1 72 71 134 69 68 131 1
1 72 134 127 69 131 124 1
1 71 50 53 68 47 50 1
1 54 27 55 51 25 52 1
1 56 55 57 53 52 54 1
1 60 29 28 57 27 26 1
1 172 60 61 168 57 58 1
1 168 61 145 164 58 142 1
1 67 62 64 64 59 61 1
1 69 39 37 66 37 35 1
1 68 39 69 65 37 66 1
1 45 69 37 43 66 35 1
1 51 50 71 48 47 68 1
1 51 72 185 48 69 181 1
1 134 71 53 131 68 50 1
1 121 119 74 118 116 71 1
1 121 74 73 118 71 70 1
1 128 72 127 125 69 124 1
1 151 121 73 148 118 70 1
1 150 151 73 147 148 70 1
1 64 63 164 61 60 160 1
1 64 164 141 61 160 138 1
1 76 80 77 73 77 74 1
1 81 80 79 78 77 76 1
1 142 80 81 139 77 78 1
1 112 142 81 109 139 78 1
1 77 80 142 74 77 139 1
1 107 84 83 104 81 80 1
1 111 83 85 108 80 82 1
1 136 103 102 133 100 99 1
1 132 136 102 129 133 99 1
1 126 240 124 123 222 121 1
1 88 240 92 85 222 89 1
1 92 240 126 89 222 123 1
1 124 240 120 121 222 117 1
1 123 120 240 120 117 222 1
1 123 240 88 120 222 85 1
1 90 86 93 87 83 90 1
1 93 91 94 90 88 91 1
1 123 88 87 120 85 84 1
1 88 91 86 85 88 83 1
1 86 91 93 83 88 90 1
1 132 102 96 129 99 93 1
1 94 96 102 91 93 99 1
1 91 96 94 88 93 91 1
1 95 94 102 92 91 99 1
1 97 90 98 94 87 95 1
1 95 104 90 92 101 87 1
1 93 95 90 90 92 87 1
1 98 90 104 95 87 101 1
1 101 104 102 98 101 99 1
1 106 101 103 103 98 100 1
1 105 98 101 102 95 98 1
1 101 106 105 98 103 102 1
1 83 105 107 80 102 104 1
1 100 108 82 97 105 79 1
1 100 97 108 97 94 105 1
1 109 108 99 106 105 96 1
1 114 100 82 111 97 79 1
1 111 113 109 108 110 106 1
1 82 109 113 79 106 110 1
1 83 109 99 80 106 96 1
1 110 113 111 107 110 108 1
1 81 113 112 78 110 109 1
1 115 114 117 112 111 114 1
1 79 114 82 76 111 79 1
1 119 115 118 116 112 115 1
1 100 114 89 97 111 86 1
1 118 117 76 115 114 73 1
1 76 117 79 73 114 76 1
1 118 78 74 115 75 71 1
1 75 74 78 72 71 75 1
1 76 78 118 73 75 115 1
1 241 116 119 223 113 116 1
1 123 87 241 120 84 223 1
1 241 87 116 223 84 113 1
1 89 87 86 86 84 83 1
1 119 121 241 116 118 223 1
1 241 121 123 223 118 120 1
1 122 121 151 119 118 148 1
1 125 120 122 122 117 119 1
1 126 129 127 123 126 124 1
1 129 126 130 126 123 127 1
1 127 134 131 124 131 128 1
1 92 127 131 89 124 128 1
1 132 96 131 129 93 128 1
1 134 133 131 131 130 128 1
1 103 135 137 100 132 134 1
1 136 154 135 133 151 132 1
1 154 139 135 151 136 132 1
1 140 106 138 137 103 135 1
1 85 66 141 82 63 138 1
1 140 84 107 137 81 104 1
1 157 66 84 154 63 81 1
1 157 84 140 154 81 137 1
1 110 141 164 107 138 160 1
1 110 164 242 107 160 224 1
1 85 141 110 82 138 107 1
1 112 242 146 109 224 143 1
1 242 164 146 224 160 143 1
1 149 153 125 146 150 122 1
1 149 125 151 146 122 148 1
1 110 242 112 107 224 109 1
1 145 61 143 142 58 140 1
1 77 143 147 74 140 144 1
1 146 144 142 143 141 139 1
1 59 147 143 56 144 140 1
1 148 59 35 145 56 33 1
1 148 147 59 145 144 56 1
1 77 147 78 74 144 75 1
1 75 148 174 72 145 170 1
1 58 150 152 55 147 149 1
1 73 152 150 70 149 147 1
1 47 49 243 44 46 191 1
1 47 243 156 44 191 153 1
1 124 125 181 121 122 177 1
1 125 153 181 122 150 177 1
1 133 154 132 130 151 129 1
1 53 139 154 50 136 151 1
1 139 155 47 136 152 44 1
1 70 156 68 67 153 65 1
1 167 169 244 163 165 210 1
1 167 244 171 163 210 167 1
1 243 245 156 191 192 153 1
1 39 68 40 37 65 38 1
1 40 156 245 38 153 192 1
1 139 156 70 136 153 67 1
1 139 47 156 136 44 153 1
1 46 159 44 39 155 42 1
1 65 44 159 62 42 155 1
1 159 161 160 155 157 156 1
1 67 160 161 64 156 157 1
1 62 67 162 59 64 158 1
1 163 165 168 159 161 164 1
1 172 171 173 168 167 169 1
1 184 180 179 180 176 175 1
1 184 179 182 180 175 178 1
1 61 168 172 58 164 168 1
1 145 163 168 142 159 164 1
1 58 174 175 55 170 171 1
1 58 152 174 55 149 170 1
1 75 174 152 72 170 149 1
1 175 30 33 171 28 31 1
1 58 33 56 55 31 53 1
1 56 33 176 53 31 172 1
1 34 177 33 32 173 31 1
1 22 179 181 22 175 177 1
1 129 130 180 126 127 176 1
1 183 184 182 179 180 178 1
1 206 201 200 36 195 194 1
1 206 200 204 36 194 197 1
1 186 185 183 182 181 179 1
1 51 185 239 48 181 215 1
1 185 186 239 181 182 215 1
1 180 184 72 176 180 69 1
1 189 188 191 46 183 185 1
1 187 227 188 49 214 183 1
1 227 190 188 214 184 183 1
1 195 191 190 189 185 184 1
1 189 191 194 46 185 188 1
1 196 201 199 190 195 193 1
1 203 198 199 196 192 193 1
1 194 198 197 188 192 191 1
1 192 199 198 186 193 192 1
1 208 200 21 199 194 21 1
1 208 21 17 199 21 17 1
1 42 41 211 40 39 202 1
1 41 204 211 39 197 202 1
1 199 206 203 193 36 196 1
1 200 208 211 194 199 202 1
1 43 211 207 41 202 198 1
1 207 211 208 198 202 199 1
1 15 213 210 15 204 201 1
1 15 210 208 15 201 199 1
1 200 211 204 194 202 197 1
1 158 43 207 155 41 198 1
1 158 207 209 155 198 200 1
1 246 214 212 158 157 203 1
1 209 212 214 200 203 157 1
1 216 246 212 206 158 203 1
1 216 212 215 206 203 205 1
1 213 218 215 204 207 205 1
1 221 215 218 165 205 207 1
1 217 215 221 166 205 165 1
1 226 225 195 213 212 189 1
1 226 195 190 213 189 184 1
1 14 3 218 14 3 207 1
1 220 218 3 209 207 3 1
1 223 222 219 169 210 208 1
1 232 223 224 217 169 211 1
1 220 224 219 209 211 208 1
1 60 173 247 57 169 217 1
1 173 171 244 169 167 210 1
1 248 11 13 182 11 13 1
1 248 13 227 182 13 214 1
1 227 226 190 214 213 184 1
1 2 234 224 2 219 211 1
1 2 224 220 2 211 209 1
1 228 248 227 215 182 214 1
1 13 12 225 13 12 212 1
1 1 225 12 1 212 12 1
1 227 13 225 214 13 212 1
1 20 225 1 20 212 1 1
1 0 20 1 0 20 1 1
1 12 4 1 12 4 1 1
1 234 249 230 219 225 216 1
1 224 234 230 211 219 216 1
1 231 230 249 29 216 225 1
1 34 31 250 32 29 225 1
1 60 247 32 57 217 30 1
1 232 230 229 217 216 30 1
1 233 249 234 218 225 219 1
1 251 249 233 32 225 218 1
1 10 235 7 10 220 7 1
1 235 6 7 220 6 7 1
1 233 235 251 218 220 32 1
1 178 177 236 174 173 220 1
1 34 236 177 32 220 173 1

Materials: 1
"Material.001"
1.000000 1.000000 1.000000 1.000000
0.800000 0.800000 0.800000 1.000000
0.500000 0.500000 0.500000 1.000000
0.000000 0.000000 0.000000 1.000000
0.185600
1.000000
"snowtexb.png"
""

Bones: 0
GroupComments: 0
MaterialComments: 0
BoneComments: 0
ModelComment: 0
