// MilkShape 3D ASCII

Frames: 30
Frame: 30

Meshes: 1
"default" 1 0
244
1 30.672760 119.881882 -46.523815 0.536344 0.427552 -1
1 28.197262 126.564178 -36.012512 0.531181 0.441740 -1
1 41.626659 122.048676 -39.068615 0.544818 0.438023 -1
1 -13.197741 -67.812126 -55.971115 0.764054 0.703475 -1
1 84.295654 -64.052826 -59.826813 0.767912 0.834520 -1
1 -3.212541 -75.860329 20.690788 0.867038 0.713765 -1
1 34.423061 -62.968124 -77.922012 0.738155 0.770175 -1
1 46.113960 123.652878 -28.422909 0.546458 0.451864 -1
1 22.020561 129.252289 -28.109812 0.525609 0.447888 -1
1 34.415062 126.121780 -22.778812 0.535751 0.455572 -1
1 59.023064 117.402481 -31.913113 0.561400 0.447782 -1
1 148.397446 -56.529922 -48.257416 0.785846 0.917782 -1
1 143.862381 -61.716522 -21.861511 0.819628 0.910413 -1
1 113.534264 -63.342823 -43.802917 0.789710 0.872418 -1
1 177.984055 -56.073719 -9.929710 0.837693 0.955012 -1
1 166.139069 -62.793026 29.626890 0.890333 0.938014 -1
1 107.370949 -66.851326 -11.889711 0.831098 0.862618 -1
1 67.799660 111.752380 -24.894312 0.571408 0.459081 -1
1 44.036160 121.679977 -18.280912 0.545371 0.463220 -1
1 205.638275 -54.811325 106.210091 0.991910 0.982573 -1
1 177.350952 -61.888424 87.073090 0.964124 0.945015 -1
1 217.255569 -55.230923 67.556290 0.944034 0.996471 -1
1 113.741257 -55.107719 101.885094 0.985581 0.862647 -1
1 146.423157 -61.884720 96.254990 0.976829 0.905779 -1
1 178.159561 -54.597820 111.964394 0.999426 0.946703 -1
1 89.574753 -62.388523 88.188789 0.965873 0.831245 -1
1 19.027260 124.738480 -12.440512 0.523088 0.466346 -1
1 37.680458 -64.624031 91.839684 0.967384 0.760363 -1
1 48.434662 -57.764721 106.328094 0.985981 0.777183 -1
1 -11.994942 -62.996521 114.204193 0.991824 0.697268 -1
1 -13.270237 -68.598526 98.958687 0.970805 0.694893 -1
1 -100.433136 -78.244629 126.935089 0.997819 0.578399 -1
1 -67.829041 -78.785423 105.480385 0.976697 0.624670 -1
1 19.321659 129.006989 -24.153912 0.521300 0.455443 -1
1 5.486560 125.906982 -12.751910 0.508989 0.465985 -1
1 -95.316345 -82.028427 105.974297 0.973330 0.585878 -1
1 -154.800140 -79.882523 107.525291 0.969134 0.509704 -1
1 -130.859848 -82.185432 89.634186 0.945576 0.539972 -1
1 -3.960239 128.412979 -24.285013 0.502631 0.450928 -1
1 -138.997238 -75.467827 28.588589 0.865618 0.538892 -1
1 -162.212341 -77.582321 61.095688 0.907910 0.501696 -1
1 -181.500549 -73.894325 35.805988 0.874818 0.477965 -1
1 -198.638138 -72.832230 58.929390 0.902899 0.454664 -1
1 -15.794840 124.427177 -33.517311 0.492502 0.437882 -1
1 -12.403341 125.256386 -17.561611 0.493508 0.457146 -1
1 -210.337448 -68.572929 19.011589 0.850007 0.442862 -1
1 -179.123627 -70.768028 0.148389 0.828329 0.482961 -1
1 -151.418350 -70.297523 -21.386013 0.798961 0.523174 -1
1 -161.560333 -62.095524 -55.373810 0.754623 0.510373 -1
1 -192.372559 -64.679428 -26.655411 0.791668 0.469291 -1
1 -0.088939 128.545685 -32.053314 0.506306 0.442836 -1
1 -2.022841 123.099075 -43.556713 0.505334 0.427941 -1
1 -119.270348 -59.453323 -79.672714 0.726805 0.568208 -1
1 -124.758934 -67.079826 -49.781410 0.764193 0.558802 -1
1 -42.725239 -57.348019 -99.454216 0.706182 0.669930 -1
1 -72.038445 -64.042419 -74.069710 0.736128 0.629186 -1
1 14.115862 -50.189823 -110.065506 0.556253 0.058124 -1
1 35.311058 -56.855518 -97.153015 0.617028 0.037831 -1
1 -42.725239 -57.348019 -99.454216 0.414603 0.024087 -1
1 4.744161 -40.487118 -117.988106 0.531986 0.093638 -1
1 -40.354439 -40.056320 -117.929207 0.435861 0.099709 -1
1 -47.464642 -25.553118 -118.367805 0.424054 0.136906 -1
1 -45.876942 -50.692322 -109.884514 0.414629 0.062723 -1
1 -122.785355 -52.909924 -90.668610 0.242052 0.144257 -1
1 -69.594040 -43.473019 -111.979912 0.367654 0.101300 -1
1 -101.300743 -34.027420 -107.046509 0.317299 0.158583 -1
1 -135.032333 -45.678417 -92.391113 0.235250 0.182060 -1
1 -119.270348 -59.453323 -79.672714 0.222178 0.112939 -1
1 -185.751328 -56.909122 -53.390114 0.126047 0.281915 -1
1 -180.506149 -39.726818 -68.171616 0.172596 0.280956 -1
1 -195.484756 -49.901318 -53.162216 0.134243 0.308671 -1
1 -161.560333 -62.095524 -55.373810 0.126221 0.212352 -1
1 -219.913452 -60.828522 -7.038211 0.078669 0.405522 -1
1 -192.372559 -64.679428 -26.655411 0.071470 0.320539 -1
1 -210.337448 -68.572929 19.011589 0.039186 0.454667 -1
1 -212.333649 -41.865719 -33.910713 0.125159 0.364996 -1
1 -227.117142 -54.212822 -5.588011 0.091588 0.417299 -1
1 -223.883041 -64.245224 30.067690 0.064842 0.483360 -1
1 -217.614243 -32.653519 -5.472211 0.128063 0.429069 -1
1 -224.277634 -44.425018 -10.483810 0.107399 0.412324 -1
1 -229.543030 -48.980522 19.059490 0.092239 0.464313 -1
1 -229.396240 -57.661720 29.875387 0.078221 0.482630 -1
1 -213.411545 -67.743027 59.561687 0.060573 0.552421 -1
1 -220.086441 -35.987621 17.855589 0.117008 0.470468 -1
1 -222.104950 -51.079426 47.669491 0.088400 0.518472 -1
1 -218.864929 -61.168922 58.871891 0.073745 0.543841 -1
1 -198.638138 -72.832230 58.929390 0.032893 0.571643 -1
1 -154.800140 -79.882523 107.525291 0.079960 0.759739 -1
1 -194.640152 -58.454418 87.957985 0.094450 0.625369 -1
1 -185.629745 -67.337624 99.433685 0.086502 0.665519 -1
1 -188.081848 -47.388924 83.288086 0.119493 0.615826 -1
1 -181.248032 -73.566727 98.069290 0.074277 0.677991 -1
1 -156.304916 -68.127129 122.371391 0.122387 0.746272 -1
1 -147.008942 -49.527721 113.297485 0.162921 0.722583 -1
1 -122.181747 -65.353020 132.933701 0.172265 0.806649 -1
1 -154.345627 -75.655624 119.581390 0.107888 0.758990 -1
1 -120.135544 -74.764023 131.904999 0.161796 0.830834 -1
1 15.223761 -47.785816 115.783493 0.484389 0.906069 -1
1 -91.960045 -68.592827 133.666000 0.224183 0.864123 -1
1 7.329560 -54.969421 116.688194 0.462895 0.927103 -1
1 -33.187336 -35.731522 113.786186 0.392605 0.837686 -1
1 -87.602539 -52.012321 128.366592 0.259886 0.822585 -1
1 47.957458 -34.567120 105.533195 0.549725 0.837139 -1
1 -11.994942 -62.996521 114.204193 0.412378 0.951708 -1
1 48.434662 -57.764721 106.328094 0.569651 0.946609 -1
1 95.643456 -40.638218 105.238297 0.676216 0.865369 -1
1 105.693962 -15.698021 86.754486 0.695936 0.787741 -1
1 126.431061 -38.961819 105.346695 0.756980 0.840553 -1
1 113.741257 -55.107719 101.885094 0.737262 0.905575 -1
1 112.491158 -48.695122 104.819695 0.729295 0.881980 -1
1 184.181549 -26.653419 110.989693 0.853664 0.745224 -1
1 197.584656 -39.659718 118.630592 0.885718 0.745245 -1
1 205.638275 -54.811325 106.210091 0.925314 0.745913 -1
1 195.695953 -47.538219 118.452095 0.894067 0.757360 -1
1 178.159561 -54.597820 111.964394 0.887999 0.806592 -1
1 209.833374 -28.470720 111.749687 0.884053 0.716305 -1
1 225.930176 -40.218319 112.034393 0.904664 0.707841 -1
1 236.137970 -31.212320 78.619385 0.904113 0.659675 -1
1 220.824371 -15.467722 79.170891 0.878081 0.659009 -1
1 226.468567 -31.427620 105.389786 0.897915 0.697128 -1
1 211.645248 -14.269621 92.034286 0.867295 0.680844 -1
1 221.564468 -48.053818 110.286186 0.912233 0.715231 -1
1 217.255569 -55.230923 67.556290 0.962645 0.652179 -1
1 233.040955 -48.419216 82.947289 0.927629 0.673640 -1
1 221.970062 -48.787716 44.107586 0.941419 0.592486 -1
1 177.984055 -56.073719 -9.929710 0.939962 0.394113 -1
1 221.895966 -28.436119 34.824791 0.898034 0.578972 -1
1 217.897659 -13.404022 49.365189 0.874269 0.603711 -1
1 185.227478 -41.530121 -32.432114 0.878484 0.385687 -1
1 198.505569 -29.340719 -10.289412 0.872338 0.468458 -1
1 223.834763 -40.833920 35.029190 0.920388 0.572839 -1
1 188.511475 -49.225121 -17.762712 0.908795 0.408760 -1
1 148.397446 -56.529922 -48.257416 0.878933 0.264368 -1
1 156.326965 -42.250622 -65.127411 0.830067 0.291112 -1
1 176.135361 -32.729218 -45.875713 0.845436 0.364475 -1
1 156.769470 -50.052322 -57.158714 0.853050 0.288164 -1
1 104.258751 -56.742222 -79.534409 0.782799 0.141675 -1
1 126.473854 -46.683815 -84.804314 0.784456 0.212570 -1
1 143.418274 -32.430019 -77.651009 0.792248 0.274201 -1
1 160.029282 -18.051620 -57.128410 0.798972 0.341249 -1
1 86.073555 -42.877518 -103.673615 0.703190 0.153321 -1
1 115.700363 -31.312319 -95.109612 0.744831 0.222718 -1
1 80.924858 -50.232121 -98.966003 0.707071 0.124735 -1
1 41.427761 -30.254021 -115.414810 0.600774 0.136484 -1
1 -36.380035 -8.457622 -115.976105 0.448492 0.170605 -1
1 2.388561 -17.104622 -118.747505 0.521517 0.148244 -1
1 -2.764341 8.751678 -110.115501 0.511096 0.208225 -1
1 -79.194542 -13.972722 -110.269806 0.367820 0.180644 -1
1 -45.027843 8.326879 -108.224602 0.436875 0.213417 -1
1 -114.422539 -15.495021 -99.187416 0.303387 0.213490 -1
1 -138.075851 -35.540218 -93.095917 0.248701 0.205415 -1
1 -84.061340 6.779779 -99.297112 0.368682 0.234550 -1
1 -112.579033 4.741479 -88.714912 0.319062 0.263131 -1
1 -147.574539 -20.148022 -84.105011 0.243205 0.253029 -1
1 -144.768631 -0.313821 -71.481010 0.262723 0.299293 -1
1 -181.744141 -28.435419 -62.872913 0.181569 0.303480 -1
1 -185.836945 -20.650221 -51.631413 0.184772 0.333474 -1
1 -204.020630 -25.396420 -27.797209 0.154220 0.379892 -1
1 -183.491440 -4.885921 -5.783010 0.194376 0.434865 -1
1 -183.110260 -7.821021 15.262489 0.185261 0.475893 -1
1 -206.058731 -33.484921 42.021187 0.125456 0.520148 -1
1 -136.654633 -16.655319 78.298988 0.223628 0.640554 -1
1 -114.092255 -48.731422 123.002495 0.210263 0.777692 -1
1 -106.774452 -13.592622 88.750587 0.268390 0.686593 -1
1 -82.720551 -9.330621 90.354385 0.315015 0.710569 -1
1 -36.288342 -4.044521 87.984787 0.401124 0.742352 -1
1 61.366360 11.768778 63.056690 0.592656 0.704317 -1
1 16.249660 0.655979 78.418686 0.505125 0.741843 -1
1 92.549355 44.624081 32.592487 0.637678 0.599510 -1
1 129.785568 14.774579 61.520691 0.714680 0.664907 -1
1 154.467255 21.872179 50.583092 0.753232 0.619465 -1
1 183.617569 -10.843521 94.932487 0.832109 0.702884 -1
1 151.569382 38.013882 20.825188 0.734290 0.551588 -1
1 143.923172 48.151279 4.984489 0.712510 0.514058 -1
1 170.685867 22.312580 -1.896711 0.779440 0.498281 -1
1 173.620071 -11.771921 -35.276215 0.810800 0.402544 -1
1 146.175964 40.784683 -24.175510 0.726936 0.453807 -1
1 83.282257 -14.921522 -103.895805 0.671174 0.208696 -1
1 80.079155 5.007779 -97.251015 0.653520 0.250680 -1
1 119.630554 -7.333321 -85.651917 0.721620 0.274416 -1
1 38.225063 -0.065721 -109.360107 0.586369 0.205075 -1
1 85.860161 -32.492519 -105.724106 0.686313 0.174506 -1
1 -9.236040 43.891880 -92.024620 0.498921 0.288030 -1
1 -43.204239 42.528984 -88.941711 0.446760 0.295008 -1
1 -95.555038 62.538380 -42.312412 0.374290 0.390944 -1
1 -128.470535 39.857182 -29.621212 0.303414 0.408464 -1
1 -138.800034 34.014481 -11.275512 0.290491 0.440112 -1
1 -162.786148 -14.623921 55.787487 0.196268 0.572936 -1
1 -121.861145 29.136681 37.825089 0.296332 0.531906 -1
1 -176.928436 -11.444221 35.181988 0.189516 0.524222 -1
1 -21.688440 17.395979 71.586792 0.434184 0.688075 -1
1 -44.067242 36.580082 60.934586 0.412698 0.628488 -1
1 8.171559 31.497679 56.546989 0.493398 0.648241 -1
1 126.247856 46.977081 24.083788 0.690693 0.561381 -1
1 139.177261 53.213982 -11.694211 0.699284 0.480591 -1
1 137.985352 -8.154122 -72.275612 0.752868 0.312698 -1
1 138.548355 38.932781 -35.991013 0.712153 0.423131 -1
1 118.628052 44.036980 -51.038116 0.681383 0.389013 -1
1 27.946262 44.006279 -88.877815 0.551915 0.297652 -1
1 -9.507742 73.015671 -79.362610 0.497815 0.345990 -1
1 28.101460 80.225174 -74.147614 0.544643 0.358941 -1
1 -47.466442 105.481186 -27.319115 0.452440 0.439951 -1
1 -44.335735 107.128479 -16.705013 0.456249 0.453298 -1
1 -139.319336 31.245281 6.884389 0.283295 0.471640 -1
1 -5.929639 109.243774 5.373289 0.493813 0.493529 -1
1 -66.727737 34.404182 60.976089 0.376616 0.620211 -1
1 68.819153 73.182472 11.076888 0.583093 0.547483 -1
1 91.408356 77.267075 -0.411211 0.618534 0.506948 -1
1 97.124557 82.013474 -10.912413 0.622540 0.485462 -1
1 102.576759 82.298073 -22.979509 0.629856 0.463799 -1
1 81.865356 98.489571 -37.192112 0.594103 0.443364 -1
1 96.208153 44.760979 -65.431114 0.649522 0.357640 -1
1 85.276756 85.320572 -48.765713 0.609958 0.412239 -1
1 53.335659 73.597977 -71.203110 0.577322 0.364957 -1
1 68.605553 42.555683 -79.549416 0.612747 0.322705 -1
1 5.490759 104.084183 9.664389 0.506703 0.512707 -1
1 -132.388626 30.796082 21.819389 0.288004 0.501128 -1
1 -3.481539 105.513779 -59.523609 0.503792 0.398722 -1
1 13.175360 94.469170 -67.752708 0.520686 0.382395 -1
1 -26.252737 83.257874 -70.516113 0.476704 0.365621 -1
1 -20.987137 110.751579 -50.074917 0.485144 0.412897 -1
1 -58.580139 61.262482 -72.861412 0.428126 0.340658 -1
1 -65.676445 75.396072 -57.442116 0.422292 0.375977 -1
1 -39.232136 107.594887 -39.772209 0.463025 0.423418 -1
1 -31.572237 113.310074 -10.454813 0.468589 0.466249 -1
1 -99.391243 31.202282 51.941986 0.325813 0.579924 -1
1 -22.531141 110.334274 0.145190 0.476601 0.483691 -1
1 -81.867249 34.838680 56.433189 0.353769 0.595386 -1
1 73.218155 91.008171 -4.629111 0.588703 0.498096 -1
1 56.429359 112.407784 -14.075812 0.560024 0.471743 -1
1 65.898857 86.839073 -60.079216 0.584688 0.395726 -1
1 63.660259 108.846581 -43.235413 0.569747 0.431722 -1
1 46.844059 103.502068 -56.584614 0.554328 0.407893 -1
1 18.873060 116.080879 -52.313911 0.523962 0.415245 -1
1 -20.835342 -63.325020 -80.872017 0.730745 0.697623 -1
1 -23.050341 122.054779 -26.011311 0.484472 0.446179 -1
1 20.068861 119.748077 -5.593110 0.522653 0.478532 -1
1 35.915260 111.019180 -3.595511 0.539105 0.488303 -1
1 104.258751 -56.742222 -79.534409 0.742524 0.861549 -1
1 10.229460 126.652481 -39.729511 0.516035 0.434826 -1
1 35.311058 -56.855518 -97.153015 0.713520 0.772431 -1
1 -100.433136 -78.244629 126.935089 0.188545 0.880614 -1
1 238.534958 -40.426319 83.358086 0.915854 0.668897 -1
1 25.010458 84.195274 17.623289 0.524992 0.537966 -1
226
0.185589 0.760616 -0.622110
0.167099 0.924048 -0.343823
0.301180 0.850369 -0.431467
0.005196 -0.989751 -0.142710
0.071775 -0.981679 -0.176507
0.051192 -0.998604 0.013047
0.035016 -0.966778 -0.253207
0.332537 0.943088 -0.001854
0.091840 0.994126 -0.057263
0.214462 0.944494 0.248870
0.487404 0.844221 -0.222999
0.263223 -0.932196 -0.248444
0.163398 -0.979697 -0.116166
0.132748 -0.978822 -0.155835
0.298998 -0.938504 -0.172656
0.141561 -0.988616 -0.050985
0.088987 -0.993556 -0.070202
0.545829 0.813389 0.201170
0.325611 0.839871 0.434274
0.187987 -0.933419 0.305598
0.108579 -0.990493 0.084459
0.295400 -0.954414 -0.042802
-0.049522 -0.681500 0.730140
-0.001368 -0.939305 0.343081
-0.009949 -0.798180 0.602337
0.017303 -0.939612 0.341804
0.143287 0.879898 0.453043
0.083620 -0.966225 0.243757
0.108784 -0.814995 0.569165
0.181238 -0.824294 0.536369
0.159628 -0.951357 0.263514
0.122328 -0.881773 0.455534
0.162162 -0.969929 0.181495
0.068032 0.970843 0.229860
-0.051806 0.873223 0.484559
0.039561 -0.994765 0.094217
-0.156943 -0.975124 0.156530
-0.037867 -0.998453 -0.040709
-0.131742 0.987714 0.084053
-0.038352 -0.994329 -0.099196
-0.095935 -0.993414 -0.062647
-0.101194 -0.991641 -0.080055
-0.209951 -0.977711 0.000918
-0.343939 0.902864 -0.257961
-0.291833 0.913774 0.282580
-0.247354 -0.964784 -0.089490
-0.100352 -0.987985 -0.117541
-0.057852 -0.988145 -0.142203
-0.149941 -0.943215 -0.296418
-0.206418 -0.951274 -0.229062
-0.122308 0.965519 -0.229812
-0.159935 0.795263 -0.584789
-0.124711 -0.917686 -0.377226
-0.056690 -0.977829 -0.201587
-0.027666 -0.912084 -0.409070
-0.033360 -0.970928 -0.237034
0.054735 -0.715750 -0.696209
0.067737 -0.914395 -0.399115
0.060768 -0.276762 -0.959015
-0.083164 -0.360623 -0.928997
-0.101251 0.050001 -0.993604
-0.070939 -0.726287 -0.683722
-0.189305 -0.773456 -0.604921
-0.187278 -0.478924 -0.857647
-0.268871 -0.055352 -0.961584
-0.368503 -0.444310 -0.816575
-0.335757 -0.802032 -0.493976
-0.604543 0.024710 -0.796189
-0.626308 -0.449389 -0.637014
-0.494836 -0.816924 -0.296265
-0.802827 0.225779 -0.551808
-0.892544 -0.333734 -0.303293
-0.601946 -0.797601 -0.038652
-0.751868 0.652882 -0.091873
-0.884600 0.381499 -0.268219
-0.929321 0.367338 0.037744
-0.943909 -0.293382 0.151536
-0.542189 -0.814179 0.207713
-0.682319 0.712506 0.163636
-0.769156 0.494415 0.404910
-0.857876 -0.134996 0.495807
-0.646330 0.404513 0.647014
-0.707341 -0.263061 0.656100
-0.485591 0.678416 0.551320
-0.507680 -0.718455 0.475483
-0.497727 0.077299 0.863882
-0.317362 0.648591 0.691817
-0.166805 0.298549 0.939705
-0.356124 -0.715039 0.601576
-0.133114 -0.595168 0.792500
0.113618 0.231422 0.966196
0.101704 -0.165712 0.980916
0.176702 -0.500289 0.847636
0.056141 0.591449 0.804386
0.012208 0.515747 0.856654
0.072544 0.584619 0.808058
0.046248 0.375681 0.925595
-0.040818 0.629021 0.776316
-0.127567 0.280134 0.951447
0.018327 -0.192413 0.981143
-0.091159 0.591710 0.800980
0.022029 0.240288 0.970452
0.023572 -0.373514 0.927325
0.198242 0.625673 0.754475
0.609160 -0.065503 0.790338
0.896981 0.439150 -0.050723
0.583910 0.785857 0.203662
0.662975 0.589188 0.461867
0.325045 0.826367 0.459852
0.439102 -0.709355 0.551367
0.672647 -0.738236 0.050541
0.589267 -0.772223 -0.237562
0.862012 0.358584 -0.358263
0.745046 0.650109 -0.149217
0.772661 -0.327169 -0.544017
0.837568 0.249554 -0.486007
0.896662 -0.235464 -0.374905
0.554737 -0.753210 -0.353471
0.645616 -0.336203 -0.685673
0.764789 0.132248 -0.630562
0.459972 -0.753965 -0.469001
0.185670 -0.913640 -0.361648
0.412831 -0.556499 -0.721027
0.614027 0.085398 -0.784651
0.683712 0.384854 -0.620020
0.234302 -0.409449 -0.881734
0.423997 -0.004430 -0.905653
0.171601 -0.763311 -0.622824
0.168558 0.003988 -0.985684
-0.080947 0.292849 -0.952726
0.048073 0.162387 -0.985555
0.031182 0.402618 -0.914837
-0.227972 0.278021 -0.933131
-0.131611 0.433294 -0.891591
-0.360465 0.313650 -0.878458
-0.433137 0.038182 -0.900519
-0.272071 0.467740 -0.840950
-0.401578 0.523829 -0.751225
-0.493387 0.370307 -0.787046
-0.525973 0.590062 -0.612519
-0.628295 0.411222 -0.660411
-0.642831 0.608926 -0.464733
-0.701821 0.665650 -0.253690
-0.638041 0.769494 0.027966
-0.591507 0.774357 0.224704
-0.561744 0.743664 0.362503
-0.380133 0.701098 0.603291
-0.160645 0.645044 0.747069
-0.239554 0.663170 0.709097
-0.084894 0.628227 0.773385
0.043114 0.610573 0.790785
0.062215 0.655502 0.752627
0.111485 0.617604 0.778548
0.083404 0.692613 0.716471
-0.012013 0.736087 0.676780
0.166266 0.832260 0.528865
0.054633 0.780323 0.622985
0.370861 0.845214 0.384806
0.579813 0.804429 0.129272
0.751848 0.595133 -0.283797
0.746450 0.436483 -0.502290
0.699747 0.591203 -0.401039
0.285003 0.245333 -0.926599
0.292385 0.431175 -0.853580
0.466411 0.378240 -0.799622
0.160915 0.332849 -0.929149
0.274248 -0.021312 -0.961423
-0.006808 0.431836 -0.901926
-0.183113 0.475365 -0.860522
-0.583184 0.715509 -0.384634
-0.628129 0.744538 -0.226090
-0.635760 0.771830 -0.009371
-0.470026 0.718841 0.512195
-0.470070 0.717220 0.514422
-0.539991 0.743724 0.394062
0.112411 0.564332 0.817859
0.005031 0.582395 0.812890
0.184278 0.559163 0.808318
0.221758 0.783698 0.580208
0.678418 0.724272 -0.123206
0.596875 0.407957 -0.690877
0.637674 0.521523 -0.566909
0.542657 0.484700 -0.685995
0.157017 0.419016 -0.894299
-0.061468 0.463295 -0.884070
0.122312 0.431116 -0.893968
-0.595446 0.794310 -0.120485
-0.565832 0.807335 0.167467
-0.613127 0.763048 0.204531
-0.083201 0.688695 0.720262
-0.134881 0.618603 0.774040
0.195994 0.615544 0.763343
0.273668 0.709673 0.649208
0.457620 0.764904 0.453328
0.633625 0.773615 0.006293
0.626595 0.704458 -0.333343
0.433782 0.456721 -0.776685
0.537782 0.537757 -0.649314
0.248573 0.411702 -0.876763
0.308343 0.420909 -0.853089
0.131949 0.581657 0.802661
-0.549982 0.758068 0.350504
-0.116594 0.602821 -0.789312
0.044320 0.529187 -0.847347
-0.231020 0.542748 -0.807499
-0.333442 0.678850 -0.654201
-0.326069 0.554106 -0.765928
-0.459176 0.641968 -0.614032
-0.515753 0.765616 -0.384489
-0.455385 0.808703 0.372323
-0.356967 0.681594 0.638752
-0.278806 0.755931 0.592313
-0.241904 0.665596 0.706020
0.335578 0.610670 0.717265
0.384354 0.689972 0.613360
0.385283 0.479368 -0.788520
0.422920 0.689411 -0.588091
0.228905 0.566171 -0.791867
0.039065 0.671053 -0.740380
0.001662 -0.970084 -0.242766
-0.489998 0.871715 0.003786
0.159585 0.721675 0.673586
0.275186 0.583600 0.763992
0.013940 0.888742 -0.458197
0.989388 -0.083237 0.119096
0.251222 0.544130 0.800506
448
1 0 1 2 0 1 2 1
1 3 4 5 3 4 5 1
1 6 4 3 6 4 3 1
1 7 8 9 7 8 9 1
1 2 7 10 2 7 10 1
1 11 12 13 11 12 13 1
1 14 15 12 14 15 12 1
1 12 15 16 12 15 16 1
1 7 17 10 7 17 10 1
1 7 18 17 7 18 17 1
1 19 20 21 19 20 21 1
1 21 20 15 21 20 15 1
1 9 18 7 9 18 7 1
1 22 23 24 22 23 24 1
1 20 23 5 20 23 5 1
1 24 23 19 24 23 19 1
1 23 25 5 23 25 5 1
1 9 26 18 9 26 18 1
1 25 27 5 25 27 5 1
1 28 25 22 28 25 22 1
1 29 30 28 29 30 28 1
1 27 30 5 27 30 5 1
1 30 29 31 30 29 31 1
1 30 32 5 30 32 5 1
1 26 33 34 26 33 34 1
1 31 32 30 31 32 30 1
1 35 31 36 35 31 36 1
1 32 35 5 32 35 5 1
1 31 35 32 31 35 32 1
1 35 37 5 35 37 5 1
1 36 37 35 36 37 35 1
1 34 33 38 34 33 38 1
1 37 39 5 37 39 5 1
1 40 39 37 40 39 37 1
1 40 41 39 40 41 39 1
1 42 41 40 42 41 40 1
1 38 43 44 38 43 44 1
1 45 46 41 45 46 41 1
1 39 47 5 39 47 5 1
1 48 47 49 48 47 49 1
1 50 51 43 50 51 43 1
1 52 53 48 52 53 48 1
1 54 55 52 54 55 52 1
1 56 57 58 56 57 54 1
1 59 56 60 58 56 59 1
1 60 61 59 59 60 58 1
1 62 60 56 61 59 56 1
1 63 64 62 62 63 61 1
1 61 60 65 60 59 64 1
1 65 64 66 64 63 65 1
1 67 63 58 52 62 54 1
1 68 66 63 66 65 62 1
1 69 66 70 67 65 68 1
1 71 68 67 48 66 52 1
1 70 68 72 68 66 69 1
1 73 68 71 49 66 48 1
1 74 72 73 45 69 49 1
1 75 70 76 70 68 71 1
1 76 72 77 71 69 72 1
1 78 79 80 73 74 75 1
1 81 77 82 76 72 77 1
1 83 80 84 78 75 79 1
1 80 76 81 75 71 76 1
1 84 81 85 79 76 80 1
1 82 86 87 77 42 36 1
1 88 85 89 81 80 82 1
1 90 84 88 83 79 81 1
1 89 82 91 82 77 84 1
1 90 88 92 83 81 85 1
1 93 92 94 86 85 87 1
1 92 95 96 85 88 89 1
1 97 98 99 90 91 92 1
1 100 101 102 93 94 95 1
1 101 98 97 94 91 90 1
1 99 103 104 92 29 28 1
1 102 97 105 95 90 96 1
1 106 105 107 97 96 98 1
1 108 109 104 22 99 28 1
1 110 107 111 100 98 101 1
1 112 113 114 19 102 24 1
1 115 111 116 103 101 104 1
1 114 113 108 24 102 22 1
1 117 118 119 105 106 107 1
1 120 115 119 108 103 107 1
1 121 116 113 109 104 102 1
1 122 123 112 21 110 19 1
1 124 122 125 111 21 14 1
1 126 127 117 112 113 105 1
1 128 129 130 114 115 116 1
1 131 130 124 117 116 111 1
1 131 125 132 117 14 11 1
1 133 134 128 118 119 114 1
1 135 128 131 120 114 117 1
1 135 132 136 120 11 121 1
1 137 138 133 122 123 118 1
1 138 139 134 123 124 119 1
1 140 141 137 125 126 122 1
1 142 136 57 127 121 57 1
1 142 140 137 127 125 122 1
1 59 143 140 58 128 125 1
1 144 145 61 129 130 60 1
1 146 145 144 131 130 129 1
1 147 61 65 132 60 64 1
1 148 144 147 133 129 132 1
1 149 65 150 134 64 135 1
1 151 147 149 136 132 134 1
1 152 149 153 137 134 138 1
1 153 150 69 138 135 67 1
1 154 153 155 139 138 140 1
1 154 155 156 139 140 141 1
1 156 155 75 141 140 70 1
1 157 75 79 142 70 74 1
1 158 78 83 143 73 78 1
1 159 83 160 144 78 145 1
1 160 83 84 145 78 79 1
1 93 161 90 86 146 83 1
1 162 163 93 147 148 86 1
1 101 164 162 94 149 147 1
1 100 165 101 93 150 94 1
1 165 100 102 150 93 95 1
1 166 167 102 151 152 95 1
1 168 106 169 153 97 154 1
1 168 166 106 153 151 97 1
1 166 102 106 151 95 97 1
1 169 106 110 154 97 100 1
1 170 171 120 155 156 108 1
1 171 110 115 156 100 103 1
1 118 172 120 106 157 108 1
1 172 170 120 157 155 108 1
1 127 173 118 113 158 106 1
1 126 174 127 112 159 113 1
1 175 176 174 160 161 159 1
1 129 174 126 115 159 112 1
1 139 175 134 124 160 119 1
1 177 178 179 162 163 164 1
1 141 179 138 126 164 123 1
1 145 180 143 130 165 128 1
1 180 178 177 165 163 162 1
1 143 177 181 128 162 166 1
1 182 146 148 167 131 133 1
1 183 148 151 168 133 136 1
1 184 154 156 169 139 141 1
1 185 156 157 170 141 142 1
1 186 157 158 171 142 143 1
1 187 188 189 172 173 174 1
1 161 188 187 146 173 172 1
1 190 191 165 175 176 150 1
1 167 192 190 152 177 175 1
1 193 169 170 178 154 155 1
1 193 168 169 178 153 154 1
1 193 170 172 178 155 157 1
1 176 194 174 161 179 159 1
1 195 196 139 180 181 124 1
1 195 197 196 180 182 181 1
1 179 197 195 164 182 180 1
1 146 198 180 131 183 165 1
1 182 199 200 167 184 185 1
1 182 183 199 167 168 184 1
1 201 184 185 186 169 170 1
1 202 186 203 187 171 188 1
1 191 204 205 176 189 190 1
1 206 168 207 191 153 192 1
1 208 172 173 193 157 158 1
1 194 209 173 179 194 158 1
1 210 209 176 195 194 161 1
1 211 212 197 196 197 182 1
1 198 213 214 183 198 199 1
1 196 210 176 181 195 161 1
1 166 168 206 151 153 191 1
1 190 215 191 175 200 176 1
1 165 191 164 150 176 149 1
1 164 205 163 149 190 148 1
1 188 216 189 173 201 174 1
1 217 218 199 202 203 184 1
1 217 199 219 202 184 204 1
1 220 219 221 205 204 206 1
1 220 221 222 205 206 207 1
1 223 222 184 208 207 169 1
1 201 185 186 186 170 171 1
1 188 224 216 173 209 201 1
1 225 226 188 210 211 173 1
1 227 226 225 212 211 210 1
1 204 226 227 189 211 212 1
1 228 206 207 213 191 192 1
1 229 228 208 214 213 193 1
1 17 208 209 17 193 194 1
1 17 229 208 17 214 193 1
1 210 17 209 195 17 194 1
1 230 231 212 215 216 197 1
1 200 232 213 185 217 198 1
1 213 232 230 198 217 215 1
1 218 200 199 203 185 184 1
1 233 218 217 218 203 202 1
1 51 217 220 51 202 205 1
1 55 234 3 55 219 3 1
1 43 220 223 43 205 208 1
1 235 223 201 220 208 186 1
1 235 201 202 220 186 187 1
1 226 44 224 211 44 209 1
1 204 34 226 189 34 211 1
1 236 34 204 221 34 189 1
1 237 236 215 222 221 200 1
1 236 237 229 221 222 214 1
1 18 229 17 18 214 17 1
1 10 17 210 10 17 195 1
1 231 10 210 216 10 195 1
1 0 2 231 0 2 216 1
1 233 0 232 218 0 217 1
1 233 232 218 218 217 203 1
1 16 5 4 16 5 4 1
1 16 4 13 16 4 13 1
1 2 1 7 2 1 7 1
1 13 4 238 13 4 121 1
1 13 238 11 13 121 11 1
1 40 37 36 40 37 36 1
1 40 36 42 40 36 42 1
1 7 1 8 7 1 8 1
1 13 12 16 13 12 16 1
1 11 14 12 11 14 12 1
1 16 15 5 16 15 5 1
1 14 21 15 14 21 15 1
1 33 9 8 33 9 8 1
1 15 20 5 15 20 5 1
1 19 23 20 19 23 20 1
1 22 25 23 22 25 23 1
1 18 26 236 18 26 221 1
1 9 33 26 9 33 26 1
1 28 27 25 28 27 25 1
1 28 30 27 28 30 27 1
1 236 26 34 221 26 34 1
1 8 38 33 8 38 33 1
1 44 34 38 44 34 38 1
1 3 5 47 3 5 47 1
1 3 47 53 3 47 53 1
1 42 45 41 42 45 41 1
1 38 8 50 38 8 50 1
1 44 43 235 44 43 220 1
1 41 46 39 41 46 39 1
1 239 50 8 223 50 8 1
1 38 50 43 38 50 43 1
1 39 46 47 39 46 47 1
1 49 47 46 49 47 46 1
1 45 49 46 45 49 46 1
1 1 239 8 1 223 8 1
1 50 239 51 50 223 51 1
1 74 86 82 45 42 77 1
1 74 82 77 45 77 72 1
1 48 53 47 48 53 47 1
1 53 55 3 53 55 3 1
1 52 55 53 52 55 53 1
1 233 51 239 218 51 223 1
1 145 143 59 130 128 58 1
1 62 64 60 61 63 59 1
1 59 61 145 58 60 130 1
1 58 62 56 54 61 56 1
1 65 60 64 64 59 63 1
1 58 63 62 54 62 61 1
1 150 65 66 135 64 65 1
1 63 66 64 62 65 63 1
1 69 150 66 67 135 65 1
1 67 68 63 52 66 62 1
1 68 70 66 66 68 65 1
1 75 69 70 70 67 68 1
1 73 72 68 49 69 66 1
1 75 155 69 70 140 67 1
1 79 75 76 74 70 71 1
1 76 70 72 71 68 69 1
1 80 79 76 75 74 71 1
1 77 72 74 72 69 45 1
1 91 95 92 84 88 85 1
1 91 92 89 84 85 82 1
1 84 80 81 79 75 76 1
1 83 78 80 78 73 75 1
1 81 76 77 76 71 72 1
1 85 81 82 80 76 77 1
1 89 85 82 82 80 77 1
1 88 84 85 81 79 80 1
1 4 6 240 4 6 57 1
1 4 240 238 4 57 121 1
1 91 82 87 84 77 36 1
1 93 90 92 86 83 85 1
1 92 88 89 85 81 82 1
1 87 241 96 36 31 89 1
1 87 96 95 36 89 88 1
1 95 91 87 88 84 36 1
1 94 92 96 87 85 89 1
1 98 94 96 91 87 89 1
1 94 101 162 87 94 147 1
1 94 162 93 87 147 86 1
1 241 103 99 31 29 92 1
1 241 99 98 31 92 91 1
1 101 94 98 94 87 91 1
1 98 96 241 91 89 31 1
1 102 101 97 95 94 90 1
1 97 99 109 90 92 99 1
1 97 109 105 90 99 96 1
1 107 109 113 98 99 102 1
1 107 113 111 98 102 101 1
1 106 102 105 97 95 96 1
1 104 109 99 28 99 92 1
1 109 107 105 99 98 96 1
1 108 113 109 22 102 99 1
1 116 121 123 104 109 110 1
1 116 123 242 104 110 224 1
1 110 106 107 100 97 98 1
1 115 110 111 103 100 101 1
1 113 116 111 102 104 101 1
1 112 123 121 19 110 109 1
1 119 116 242 107 104 224 1
1 119 242 117 107 224 105 1
1 117 242 130 105 224 116 1
1 117 130 126 105 116 112 1
1 119 118 120 107 106 108 1
1 116 119 115 104 107 103 1
1 112 121 113 19 109 102 1
1 130 129 126 116 115 112 1
1 123 124 130 110 111 116 1
1 123 130 242 110 116 224 1
1 140 142 56 125 127 56 1
1 140 56 59 125 56 58 1
1 124 123 122 111 110 21 1
1 131 128 130 117 114 116 1
1 131 124 125 117 111 14 1
1 128 134 129 114 119 115 1
1 135 133 128 120 118 114 1
1 135 131 132 120 117 11 1
1 135 137 133 120 122 118 1
1 133 138 134 118 123 119 1
1 137 141 138 122 126 123 1
1 137 135 136 122 120 121 1
1 140 181 141 125 166 126 1
1 142 137 136 127 122 121 1
1 140 143 181 125 128 166 1
1 56 142 57 56 127 57 1
1 6 234 54 6 219 54 1
1 6 54 240 6 54 57 1
1 189 160 90 174 145 83 1
1 189 90 187 174 83 172 1
1 234 6 3 219 6 3 1
1 148 146 144 133 131 129 1
1 147 144 61 132 129 60 1
1 151 148 147 136 133 132 1
1 152 151 149 137 136 134 1
1 149 147 65 134 132 64 1
1 154 152 153 139 137 138 1
1 153 149 150 138 134 135 1
1 155 153 69 140 138 67 1
1 157 156 75 142 141 70 1
1 158 157 78 143 142 73 1
1 78 157 79 73 142 74 1
1 159 158 83 144 143 78 1
1 189 159 160 174 144 145 1
1 158 159 203 143 144 188 1
1 158 203 186 143 188 171 1
1 90 160 84 83 145 79 1
1 161 187 90 146 172 83 1
1 93 163 161 86 148 146 1
1 162 164 163 147 149 148 1
1 101 165 164 94 150 149 1
1 167 165 102 152 150 95 1
1 171 169 110 156 154 100 1
1 170 169 171 155 154 156 1
1 120 171 115 108 156 103 1
1 127 174 173 113 159 158 1
1 118 173 172 106 158 157 1
1 117 127 118 105 113 106 1
1 129 175 174 115 160 159 1
1 134 175 129 119 160 115 1
1 138 195 139 123 180 124 1
1 138 179 195 123 164 180 1
1 141 177 179 126 162 164 1
1 181 177 141 166 162 126 1
1 145 146 180 130 131 165 1
1 143 180 177 128 165 162 1
1 183 182 148 168 167 133 1
1 185 184 156 170 169 141 1
1 186 185 157 171 170 142 1
1 211 179 178 196 164 163 1
1 211 178 214 196 163 199 1
1 189 203 159 174 188 144 1
1 167 190 165 152 175 150 1
1 174 194 173 159 179 158 1
1 139 196 176 124 181 161 1
1 175 139 176 160 124 161 1
1 179 211 197 164 196 182 1
1 193 172 208 178 157 193 1
1 193 208 207 178 193 192 1
1 178 198 214 163 183 199 1
1 182 198 146 167 183 131 1
1 180 198 178 165 183 163 1
1 198 182 200 183 167 185 1
1 219 199 183 204 184 168 1
1 239 1 0 223 1 0 1
1 239 0 233 223 0 218 1
1 221 219 183 206 204 168 1
1 184 222 154 169 207 139 1
1 216 202 203 201 187 188 1
1 205 204 227 190 189 212 1
1 192 243 215 177 225 200 1
1 192 215 190 177 200 175 1
1 192 206 243 177 191 225 1
1 225 161 163 210 146 148 1
1 225 163 227 210 148 212 1
1 209 208 173 194 193 158 1
1 176 209 194 161 194 179 1
1 211 230 212 196 215 197 1
1 214 230 211 199 215 196 1
1 214 213 230 199 198 215 1
1 198 200 213 183 185 198 1
1 197 212 196 182 197 181 1
1 196 212 210 181 197 195 1
1 168 193 207 153 178 192 1
1 167 166 206 152 151 191 1
1 167 206 192 152 191 177 1
1 164 191 205 149 176 190 1
1 163 205 227 148 190 212 1
1 161 225 188 146 210 173 1
1 203 189 216 188 174 201 1
1 221 152 222 206 137 207 1
1 152 154 222 137 139 207 1
1 183 151 221 168 136 206 1
1 151 152 221 136 137 206 1
1 223 220 222 208 205 207 1
1 201 223 184 186 208 169 1
1 202 201 186 187 186 171 1
1 216 224 202 201 209 187 1
1 188 226 224 173 211 209 1
1 191 215 204 176 200 189 1
1 228 237 243 213 222 225 1
1 228 243 206 213 225 191 1
1 208 228 207 193 213 192 1
1 212 231 210 197 216 195 1
1 218 232 200 203 217 185 1
1 51 233 217 51 218 202 1
1 220 217 219 205 202 204 1
1 54 234 55 54 219 55 1
1 43 51 220 43 51 205 1
1 235 43 223 220 43 208 1
1 202 224 235 187 209 220 1
1 224 44 235 209 44 220 1
1 226 34 44 211 34 44 1
1 215 236 204 200 221 189 1
1 243 237 215 225 222 200 1
1 229 237 228 214 222 213 1
1 18 236 229 18 221 214 1
1 231 2 10 216 2 10 1
1 230 232 231 215 217 216 1
1 232 0 231 217 0 216 1

Materials: 1
"Material.002"
1.000000 1.000000 1.000000 1.000000
0.800000 0.800000 0.800000 1.000000
0.500000 0.500000 0.500000 1.000000
0.000000 0.000000 0.000000 1.000000
0.185600
1.000000
"snowtexbbbb.png"
""

Bones: 0
GroupComments: 0
MaterialComments: 0
BoneComments: 0
ModelComment: 0
