// MilkShape 3D ASCII

Frames: 30
Frame: 30

Meshes: 1
"default" 1 0
454
1 23.137169 111.532356 -40.711102 0.536344 0.427552 -1
1 20.661671 118.214661 -30.199799 0.531181 0.441740 -1
1 34.091072 113.699150 -33.255901 0.544818 0.438023 -1
1 -20.733330 -76.161652 -50.158401 0.764054 0.703475 -1
1 76.760071 -72.402351 -54.014103 0.767912 0.834520 -1
1 -10.748131 -84.209854 26.503502 0.867038 0.713765 -1
1 26.887470 -71.317650 -72.109306 0.738155 0.770175 -1
1 38.578373 115.303352 -22.610197 0.546458 0.451864 -1
1 14.484971 120.902756 -22.297100 0.525609 0.447888 -1
1 26.879471 117.772263 -16.966099 0.535751 0.455572 -1
1 51.487473 109.052956 -26.100399 0.561400 0.447782 -1
1 140.861862 -64.879448 -42.444702 0.785846 0.917782 -1
1 136.326767 -70.066048 -16.048800 0.819628 0.910413 -1
1 105.998665 -71.692352 -37.990204 0.789710 0.872418 -1
1 170.448456 -64.423248 -4.116998 0.837693 0.955012 -1
1 158.603470 -71.142548 35.439602 0.890333 0.938014 -1
1 99.835365 -75.200844 -6.076998 0.831098 0.862618 -1
1 60.264069 103.402855 -19.081598 0.571408 0.459081 -1
1 36.500572 113.330452 -12.468199 0.545371 0.463220 -1
1 198.102661 -63.160851 112.022804 0.991910 0.982573 -1
1 169.815369 -70.237953 92.885803 0.964124 0.945015 -1
1 209.719986 -63.580452 73.368996 0.944034 0.996471 -1
1 106.205673 -63.457249 107.697807 0.985581 0.862647 -1
1 138.887558 -70.234245 102.067703 0.976829 0.905779 -1
1 170.623962 -62.947350 117.777107 0.999426 0.946703 -1
1 82.039169 -70.738052 94.001495 0.965873 0.831245 -1
1 11.491671 116.388954 -6.627799 0.523088 0.466346 -1
1 30.144869 -72.973549 97.652397 0.967384 0.760363 -1
1 40.899071 -66.114250 112.140808 0.985981 0.777183 -1
1 -19.530533 -71.346046 120.016907 0.991824 0.697268 -1
1 -20.805828 -76.948051 104.771393 0.970805 0.694893 -1
1 -107.968735 -86.594147 132.747803 0.997819 0.578399 -1
1 -75.364632 -87.134949 111.293098 0.976697 0.624670 -1
1 11.786070 120.657455 -18.341200 0.521300 0.455443 -1
1 -2.049029 117.557457 -6.939197 0.508989 0.465985 -1
1 -102.851936 -90.377945 111.787003 0.973330 0.585878 -1
1 -162.335739 -88.232048 113.338005 0.969134 0.509704 -1
1 -138.395432 -90.534950 95.446899 0.945576 0.539972 -1
1 -11.495830 120.063454 -18.472300 0.502631 0.450928 -1
1 -146.532837 -83.817345 34.401299 0.865618 0.538892 -1
1 -169.747940 -85.931847 66.908394 0.907910 0.501696 -1
1 -189.036133 -82.243851 41.618702 0.874818 0.477965 -1
1 -206.173737 -81.181747 64.742104 0.902899 0.454664 -1
1 -23.330429 116.077652 -27.704599 0.492502 0.437882 -1
1 -19.938932 116.906860 -11.748899 0.493508 0.457146 -1
1 -217.873032 -76.922447 24.824301 0.850007 0.442862 -1
1 -186.659225 -79.117554 5.961102 0.828329 0.482961 -1
1 -158.953934 -78.647049 -15.573299 0.798961 0.523174 -1
1 -169.095932 -70.445053 -49.561100 0.754623 0.510373 -1
1 -199.908142 -73.028946 -20.842699 0.791668 0.469291 -1
1 -7.624528 120.196152 -26.240601 0.506306 0.442836 -1
1 -9.558431 114.749557 -37.744003 0.505334 0.427941 -1
1 -126.805931 -67.802849 -73.860001 0.726805 0.568208 -1
1 -132.294525 -75.429344 -43.968700 0.764193 0.558802 -1
1 -50.260826 -65.697548 -93.641502 0.706182 0.669930 -1
1 -79.574036 -72.391945 -68.257004 0.736128 0.629186 -1
1 6.580272 -58.539352 -104.252792 0.556253 0.058124 -1
1 27.775473 -65.205048 -91.340302 0.617028 0.037831 -1
1 -50.260826 -65.697548 -93.641502 0.414603 0.024087 -1
1 -2.791429 -48.836647 -112.175400 0.531986 0.093638 -1
1 -47.890026 -48.405846 -112.116493 0.435861 0.099709 -1
1 -50.504929 -43.072147 -112.277794 0.431519 0.113388 -1
1 -46.237625 -44.748547 -112.232597 0.440235 0.108708 -1
1 -32.135628 -47.771545 -112.161499 0.469623 0.099558 -1
1 -17.866329 -48.440044 -112.163498 0.499914 0.096301 -1
1 -8.299829 -47.261047 -112.215393 0.520598 0.098203 -1
1 -53.412525 -59.041847 -104.071800 0.414629 0.062723 -1
1 -130.320938 -61.259453 -84.855904 0.242052 0.144257 -1
1 -77.129639 -51.822548 -106.167198 0.367654 0.101300 -1
1 -108.836334 -42.376949 -101.233795 0.317299 0.158583 -1
1 -142.567932 -54.027946 -86.578400 0.235250 0.182060 -1
1 -126.805931 -67.802849 -73.860001 0.222178 0.112939 -1
1 -193.286926 -65.258652 -47.577404 0.126047 0.281915 -1
1 -188.041748 -48.076347 -62.358902 0.172596 0.280956 -1
1 -203.020340 -58.250847 -47.349503 0.134243 0.308671 -1
1 -169.095932 -70.445053 -49.561100 0.126221 0.212352 -1
1 -227.449051 -69.178047 -1.225499 0.078669 0.405522 -1
1 -199.908142 -73.028946 -20.842699 0.071470 0.320539 -1
1 -217.873032 -76.922447 24.824301 0.039186 0.454667 -1
1 -219.869247 -50.215248 -28.098001 0.125159 0.364996 -1
1 -234.652740 -62.562351 0.224702 0.091588 0.417299 -1
1 -231.418640 -72.594749 35.880402 0.064842 0.483360 -1
1 -225.149826 -41.003044 0.340501 0.128063 0.429069 -1
1 -231.813217 -52.774544 -4.671097 0.107399 0.412324 -1
1 -237.078629 -57.330051 24.872202 0.092239 0.464313 -1
1 -236.931839 -66.011246 35.688099 0.078221 0.482630 -1
1 -220.947128 -76.092552 65.374397 0.060573 0.552421 -1
1 -227.622040 -44.337147 23.668303 0.117008 0.470468 -1
1 -229.640533 -59.428951 53.482201 0.088400 0.518472 -1
1 -226.400528 -69.518448 64.684601 0.073745 0.543841 -1
1 -206.173737 -81.181747 64.742104 0.032893 0.571643 -1
1 -162.335739 -88.232048 113.338005 0.079960 0.759739 -1
1 -202.175751 -66.803947 93.770699 0.094450 0.625369 -1
1 -193.165329 -75.687149 105.246399 0.086502 0.665519 -1
1 -195.617447 -55.738453 89.100800 0.119493 0.615826 -1
1 -188.783630 -81.916252 103.881996 0.074277 0.677991 -1
1 -163.840530 -76.476646 128.184113 0.122387 0.746272 -1
1 -154.544525 -57.877251 119.110199 0.162921 0.722583 -1
1 -129.717331 -73.702545 138.746414 0.172265 0.806649 -1
1 -161.881226 -84.005150 125.394104 0.107888 0.758990 -1
1 -127.671127 -83.113548 137.717712 0.161796 0.830834 -1
1 7.688169 -56.135349 121.596199 0.484389 0.906069 -1
1 -99.495636 -76.942352 139.478714 0.224183 0.864123 -1
1 -0.206030 -63.318947 122.500908 0.462895 0.927103 -1
1 -40.722927 -44.081047 119.598900 0.392605 0.837686 -1
1 -95.138130 -60.361847 134.179306 0.259886 0.822585 -1
1 40.421871 -42.916645 111.345909 0.549725 0.837139 -1
1 -19.530533 -71.346046 120.016907 0.412378 0.951708 -1
1 40.899071 -66.114250 112.140808 0.569651 0.946609 -1
1 88.107864 -48.987747 111.051010 0.676216 0.865369 -1
1 106.205673 -63.457249 107.697807 0.737262 0.905575 -1
1 104.955566 -57.044651 110.632401 0.729295 0.881980 -1
1 176.645966 -35.002949 116.802406 0.853664 0.745224 -1
1 118.895462 -47.311348 111.159401 0.756980 0.840553 -1
1 190.049072 -48.009247 124.443298 0.885718 0.745245 -1
1 198.102661 -63.160851 112.022804 0.925314 0.745913 -1
1 188.160370 -55.887749 124.264809 0.894067 0.757360 -1
1 170.623962 -62.947350 117.777107 0.887999 0.806592 -1
1 202.297775 -36.820248 117.562401 0.884053 0.716305 -1
1 218.394577 -48.567848 117.847107 0.904664 0.707841 -1
1 228.602371 -39.561848 84.432098 0.904113 0.659675 -1
1 213.288773 -23.817251 84.983604 0.878081 0.659009 -1
1 218.932983 -39.777149 111.202499 0.897915 0.697128 -1
1 204.109665 -22.619150 97.847000 0.867295 0.680844 -1
1 214.028870 -56.403347 116.098900 0.912233 0.715231 -1
1 209.719986 -63.580452 73.368996 0.962645 0.652179 -1
1 225.505371 -56.768749 88.759995 0.927629 0.673640 -1
1 214.434479 -57.137249 49.920300 0.941419 0.592486 -1
1 170.448456 -64.423248 -4.116998 0.939962 0.394113 -1
1 214.360367 -36.785648 40.637501 0.898034 0.578972 -1
1 210.362076 -21.753550 55.177898 0.874269 0.603711 -1
1 177.691864 -49.879646 -26.619400 0.878484 0.385687 -1
1 190.969971 -37.690247 -4.476700 0.872338 0.468458 -1
1 216.299164 -49.183445 40.841900 0.920388 0.572839 -1
1 180.975876 -57.574650 -11.949999 0.908795 0.408760 -1
1 140.861862 -64.879448 -42.444702 0.878933 0.264368 -1
1 148.791367 -50.600151 -59.314701 0.830067 0.291112 -1
1 168.599762 -41.078747 -40.063004 0.845436 0.364475 -1
1 149.233871 -58.401852 -51.346001 0.853050 0.288164 -1
1 96.723167 -65.091751 -73.721703 0.782799 0.141675 -1
1 118.938271 -55.033348 -78.991600 0.784456 0.212570 -1
1 135.882660 -40.779545 -71.838303 0.792248 0.274201 -1
1 152.493668 -26.401150 -51.315701 0.798972 0.341249 -1
1 78.537971 -51.227047 -97.860909 0.703190 0.153321 -1
1 108.164764 -39.661846 -89.296898 0.744831 0.222718 -1
1 73.389275 -58.581646 -93.153297 0.707071 0.124735 -1
1 33.892170 -38.603546 -109.602097 0.600774 0.136484 -1
1 -86.730133 -22.322250 -104.457100 0.367820 0.180644 -1
1 -75.659836 -26.362549 -107.282394 0.387440 0.165385 -1
1 -70.179825 -31.949648 -108.989494 0.395705 0.151130 -1
1 -65.127335 -35.496746 -110.425499 0.403973 0.140984 -1
1 -121.958130 -23.844549 -93.374702 0.303387 0.213490 -1
1 -145.611435 -43.889748 -87.283203 0.248701 0.205415 -1
1 -91.596931 -1.569749 -93.484398 0.368682 0.234550 -1
1 -120.114632 -3.608049 -82.902206 0.319062 0.263131 -1
1 -155.110123 -28.497549 -78.292297 0.243205 0.253029 -1
1 -152.304230 -8.663348 -65.668297 0.262723 0.299293 -1
1 -189.279739 -36.784946 -57.060204 0.181569 0.303480 -1
1 -193.372543 -28.999748 -45.818703 0.184772 0.333474 -1
1 -211.556229 -33.745949 -21.984497 0.154220 0.379892 -1
1 -191.027023 -13.235448 0.029702 0.194376 0.434865 -1
1 -190.645844 -16.170549 21.075203 0.185261 0.475893 -1
1 -213.594330 -41.834446 47.833897 0.125456 0.520148 -1
1 -144.190231 -25.004848 84.111702 0.223628 0.640554 -1
1 -121.627838 -57.080952 128.815216 0.210263 0.777692 -1
1 -114.310036 -21.942150 94.563293 0.268390 0.686593 -1
1 -90.256142 -17.680149 96.167099 0.315015 0.710569 -1
1 -43.823929 -12.394050 93.797501 0.401124 0.742352 -1
1 146.931656 13.522651 56.395802 0.753232 0.619465 -1
1 176.081970 -19.193048 100.745201 0.832109 0.702884 -1
1 144.033768 29.664351 26.637901 0.734290 0.551588 -1
1 136.387573 39.801754 10.797202 0.712510 0.514058 -1
1 163.150269 13.963052 3.916002 0.779440 0.498281 -1
1 166.084457 -20.121450 -29.463501 0.810800 0.402544 -1
1 138.640366 32.435154 -18.362797 0.726936 0.453807 -1
1 75.746674 -23.271049 -98.083099 0.671174 0.208696 -1
1 72.543564 -3.341749 -91.438301 0.653520 0.250680 -1
1 112.094963 -15.682849 -79.839203 0.721620 0.274416 -1
1 78.324570 -40.842049 -99.911400 0.686313 0.174506 -1
1 -103.090630 54.188850 -36.499702 0.374290 0.390944 -1
1 -136.006134 31.507650 -23.808498 0.303414 0.408464 -1
1 -146.335632 25.664949 -5.462799 0.290491 0.440112 -1
1 -170.321732 -22.973450 61.600197 0.196268 0.572936 -1
1 -129.396729 20.787151 43.637798 0.296332 0.531906 -1
1 -184.464035 -19.793749 40.994701 0.189516 0.524222 -1
1 -29.224030 9.046451 77.399498 0.434184 0.688075 -1
1 -51.602833 28.230553 66.747299 0.412698 0.628488 -1
1 118.712273 38.627552 29.896502 0.690693 0.561381 -1
1 121.097565 16.914949 55.138298 0.706866 0.631183 -1
1 121.890572 15.439152 56.787498 0.709052 0.635367 -1
1 124.371567 7.035151 66.393196 0.717994 0.661000 -1
1 107.553970 37.848454 32.713898 0.673139 0.574007 -1
1 115.916672 26.769953 44.378300 0.692916 0.603190 -1
1 131.641663 44.864456 -5.881498 0.699284 0.480591 -1
1 130.449768 -16.503651 -66.462898 0.752868 0.312698 -1
1 131.012772 30.583252 -30.178299 0.712153 0.423131 -1
1 111.092461 35.687454 -45.225403 0.681383 0.389013 -1
1 -55.002026 97.131653 -21.506399 0.452440 0.439951 -1
1 -51.871326 98.778946 -10.892300 0.456249 0.453298 -1
1 -146.854935 22.895750 12.697102 0.283295 0.471640 -1
1 -13.465229 100.894249 11.186002 0.493813 0.493529 -1
1 -74.263329 26.054651 66.788803 0.376616 0.620211 -1
1 89.588966 73.663956 -5.099699 0.622540 0.485462 -1
1 95.041168 73.948555 -17.166798 0.629856 0.463799 -1
1 74.329765 90.140045 -31.379398 0.594103 0.443364 -1
1 88.672569 36.411453 -59.618401 0.649522 0.357640 -1
1 77.741165 76.971054 -42.952999 0.609958 0.412239 -1
1 -21.729532 32.950352 60.324699 0.454181 0.639718 -1
1 -22.247831 34.552254 59.290100 0.454172 0.635731 -1
1 -23.251226 45.841854 51.714001 0.457611 0.609567 -1
1 -21.446327 56.330452 44.381401 0.464424 0.587264 -1
1 -16.902433 65.614853 37.573898 0.474349 0.569677 -1
1 -9.794230 73.338348 31.553303 0.487006 0.557482 -1
1 -8.889831 73.902649 31.072001 0.488440 0.556872 -1
1 -2.044830 95.734650 15.477101 0.506703 0.512707 -1
1 -139.924240 22.446552 27.632103 0.288004 0.501128 -1
1 -11.017130 97.164246 -53.710899 0.503792 0.398722 -1
1 5.639770 86.119652 -61.939999 0.520686 0.382395 -1
1 -2.764130 78.171249 -66.241402 0.512213 0.368907 -1
1 -14.416031 78.834946 -64.900398 0.500421 0.368980 -1
1 -14.650131 78.849548 -64.858398 0.500131 0.369042 -1
1 -28.199032 77.188148 -64.030502 0.483495 0.368485 -1
1 -32.936424 75.740952 -64.292206 0.477717 0.366859 -1
1 -28.522728 102.402061 -44.262203 0.485144 0.412897 -1
1 -33.673027 75.510246 -64.255905 0.476889 0.366656 -1
1 -40.634026 73.241852 -62.690704 0.466483 0.365740 -1
1 -52.055328 67.076546 -62.172302 0.449356 0.359823 -1
1 -60.150330 60.766151 -63.432899 0.437174 0.352121 -1
1 -62.619427 58.841053 -63.816200 0.433707 0.350141 -1
1 -66.824638 54.324749 -65.508598 0.427544 0.344186 -1
1 -73.212036 67.046547 -51.629402 0.422292 0.375977 -1
1 -46.767727 99.245354 -33.959499 0.463025 0.423418 -1
1 -39.107826 104.960548 -4.642099 0.468589 0.466249 -1
1 -106.926834 22.852751 57.754696 0.325813 0.579924 -1
1 -30.066732 101.984756 5.957902 0.476601 0.483691 -1
1 -89.402840 26.489151 62.245903 0.353769 0.595386 -1
1 65.682571 82.658653 1.183602 0.588703 0.498096 -1
1 63.341671 73.172653 9.541602 0.585718 0.524377 -1
1 73.031670 67.599648 10.406902 0.601476 0.524836 -1
1 73.710770 67.080048 10.569602 0.602591 0.525183 -1
1 83.872765 68.917549 5.401502 0.618534 0.506948 -1
1 48.893772 104.058258 -8.263100 0.560024 0.471743 -1
1 58.363274 78.489548 -54.266502 0.584688 0.395726 -1
1 56.124672 100.497055 -37.422703 0.569747 0.431722 -1
1 20.565870 71.875656 -68.334900 0.544643 0.358941 -1
1 39.308472 95.152550 -50.771900 0.554328 0.407893 -1
1 45.800072 65.248451 -65.390404 0.577322 0.364957 -1
1 20.035471 71.773949 -68.408501 0.543982 0.358759 -1
1 12.663870 75.001350 -67.134300 0.533347 0.363977 -1
1 -0.986231 78.091347 -66.203102 0.514559 0.368816 -1
1 11.337470 107.731354 -46.501198 0.523962 0.415245 -1
1 -28.370932 -71.674545 -75.059303 0.730745 0.697623 -1
1 -30.585930 113.705254 -20.198599 0.484472 0.446179 -1
1 12.533271 111.398560 0.219602 0.522653 0.478532 -1
1 28.379669 102.669662 2.217201 0.539105 0.488303 -1
1 96.723167 -65.091751 -73.721703 0.742524 0.861549 -1
1 2.693870 118.302956 -33.916798 0.516035 0.434826 -1
1 -3.979430 -46.728546 -112.241798 0.529094 0.098722 -1
1 -3.033329 -46.434948 -112.253395 0.530911 0.099247 -1
1 27.775473 -65.205048 -91.340302 0.713520 0.772431 -1
1 -107.968735 -86.594147 132.747803 0.188545 0.880614 -1
1 230.999359 -48.775845 89.170799 0.915854 0.668897 -1
1 108.983177 -25.558548 95.909599 0.717689 0.781877 -1
1 103.186966 -28.745949 96.511398 0.709842 0.797583 -1
1 102.526764 -28.948347 96.483803 0.708795 0.798866 -1
1 -79.852135 -21.436249 -105.373795 0.380780 0.179031 -1
1 -79.100632 -22.665751 -105.801491 0.381895 0.175783 -1
1 -87.303436 -1.399549 -94.466400 0.376183 0.232226 -1
1 -84.726532 -11.796149 -99.997803 0.375991 0.205131 -1
1 -81.311638 -18.785851 -104.132797 0.378771 0.185842 -1
1 125.165260 5.037651 69.142799 0.721039 0.666963 -1
1 125.299675 4.505952 69.698906 0.721944 0.668320 -1
1 125.282562 4.115451 70.091202 0.722428 0.669384 -1
1 32.762573 -27.956148 -107.466591 0.595694 0.160676 -1
1 42.111572 -18.041050 -103.458099 0.609552 0.192144 -1
1 45.079372 -13.159748 -101.802200 0.613453 0.206232 -1
1 61.069973 34.206154 -73.736702 0.612747 0.322705 -1
1 56.142971 8.926950 -88.804100 0.621556 0.265457 -1
1 58.422173 18.251051 -83.131599 0.618987 0.286892 -1
1 58.347767 30.764151 -76.299004 0.610923 0.313490 -1
1 57.370872 34.338154 -74.585403 0.607212 0.320425 -1
1 -75.615936 42.969055 -69.837898 0.408938 0.327019 -1
1 -79.065033 37.572052 -72.068405 0.401460 0.317600 -1
1 -84.247726 25.365753 -78.211800 0.389046 0.293206 -1
1 -87.199028 12.712550 -85.596603 0.380342 0.265060 -1
1 -87.460434 7.274752 -89.192993 0.378332 0.251776 -1
1 20.847971 84.142952 16.872602 0.529358 0.522604 -1
1 21.975370 84.276352 16.368801 0.530848 0.521714 -1
1 34.431675 83.339149 12.345902 0.547342 0.515748 -1
1 47.278172 80.130150 9.632602 0.564380 0.513201 -1
1 47.407173 80.075851 9.619402 0.564551 0.513211 -1
1 60.429474 74.832947 9.238902 0.581845 0.521276 -1
1 44.463272 -28.951048 98.543495 0.562664 0.797107 -1
1 34.655071 -25.516951 96.729599 0.545935 0.788725 -1
1 20.576971 -18.502350 92.288498 0.522743 0.770798 -1
1 15.286171 -14.994248 89.851402 0.514369 0.761595 -1
1 68.760971 -33.655048 102.128708 0.621490 0.812893 -1
1 64.462769 -33.458744 102.072105 0.610948 0.811939 -1
1 49.404873 -30.577349 99.881004 0.574485 0.802254 -1
1 115.916672 26.769953 44.378300 0.731227 0.370349 -1
1 58.422173 18.251051 -83.131599 0.731227 0.189106 -1
1 56.142971 8.926950 -88.804100 0.716257 0.180487 -1
1 55.385777 5.585251 -90.705299 0.710877 0.177585 -1
1 121.890572 15.439152 56.787498 0.710877 0.387232 -1
1 121.097565 16.914949 55.138298 0.713531 0.384986 -1
1 47.278172 80.130150 9.632602 0.202140 0.297230 -1
1 12.663870 75.001350 -67.134300 0.202140 0.188113 -1
1 20.035471 71.773949 -68.408501 0.190009 0.190271 -1
1 20.331369 71.647453 -68.447197 0.189530 0.190373 -1
1 20.564470 71.550346 -68.467201 0.189160 0.190465 -1
1 25.548370 69.664650 -68.119598 0.181791 0.193371 -1
1 60.429474 74.832947 9.238902 0.181791 0.303329 -1
1 47.407173 80.075851 9.619402 0.201934 0.297278 -1
1 49.798176 -6.098848 -98.018906 0.617027 0.225896 -1
1 55.385777 5.585251 -90.705299 0.621629 0.257190 -1
1 10.040470 82.854050 20.776201 0.263189 0.290798 -1
1 -28.199032 77.188148 -64.030502 0.263189 0.170254 -1
1 -14.650131 78.849548 -64.858398 0.242839 0.176599 -1
1 21.975370 84.276352 16.368801 0.242839 0.292056 -1
1 20.847971 84.142952 16.872602 0.244819 0.292040 -1
1 10.538270 82.913551 20.607702 0.262350 0.290869 -1
1 -87.596939 1.930151 -92.470596 0.376326 0.240469 -1
1 125.299675 4.505952 69.698906 0.690528 0.403377 -1
1 49.543175 -6.718749 -98.312103 0.690528 0.164565 -1
1 45.079372 -13.159748 -101.802200 0.679021 0.157583 -1
1 42.111572 -18.041050 -103.458099 0.670178 0.153675 -1
1 124.637772 -5.813249 79.566597 0.670178 0.413827 -1
1 125.282562 4.115451 70.091202 0.689755 0.403799 -1
1 64.462769 -33.458744 102.072105 0.548081 0.406208 -1
1 -32.135628 -47.771545 -112.161499 0.548081 0.101695 -1
1 -46.237625 -44.748547 -112.232597 0.527732 0.094365 -1
1 49.404873 -30.577349 99.881004 0.527732 0.395865 -1
1 -0.653929 79.165649 25.976202 0.283538 0.290953 -1
1 -40.634026 73.241852 -62.690704 0.283538 0.164921 -1
1 -33.673027 75.510246 -64.255905 0.271573 0.166952 -1
1 -32.936424 75.740952 -64.292206 0.270398 0.167318 -1
1 40.686172 59.288155 -68.950401 0.572205 0.351400 -1
1 37.483974 62.332550 -68.430099 0.567603 0.354359 -1
1 25.548370 69.664650 -68.119598 0.551281 0.358605 -1
1 20.564470 71.550346 -68.467201 0.544708 0.358391 -1
1 -59.056026 -39.402046 -111.100502 0.415299 0.127856 -1
1 -22.247831 34.552254 59.290100 0.385286 0.315192 -1
1 -84.247726 25.365753 -78.211800 0.385286 0.119747 -1
1 -79.065033 37.572052 -72.068405 0.364936 0.130686 -1
1 -23.251226 45.841854 51.714001 0.364936 0.306632 -1
1 97.444763 48.908054 23.296303 0.771926 0.337476 -1
1 54.421974 42.533455 -72.118599 0.771926 0.201853 -1
1 57.370872 34.338154 -74.585403 0.757703 0.199871 -1
1 58.347767 30.764151 -76.299004 0.751576 0.198091 -1
1 107.426262 38.036053 32.546299 0.751576 0.352805 -1
1 10.538270 82.913551 20.607702 0.518493 0.528990 -1
1 -14.416031 78.834946 -64.900398 0.242478 0.176673 -1
1 -2.764130 78.171249 -66.241402 0.225000 0.181226 -1
1 -0.986231 78.091347 -66.203102 0.222490 0.182208 -1
1 34.431675 83.339149 12.345902 0.222490 0.293858 -1
1 120.719177 -15.004949 87.760704 0.649829 0.420669 -1
1 32.675274 -28.050350 -107.500893 0.649829 0.143123 -1
1 23.167870 -34.991348 -110.517601 0.632951 0.133982 -1
1 21.447971 -36.384148 -110.615700 0.629479 0.132844 -1
1 113.702766 -22.714849 93.984795 0.629479 0.423664 -1
1 -71.754128 48.876453 -67.190102 0.417473 0.336500 -1
1 60.429474 74.832947 9.238902 0.832974 0.303329 -1
1 25.548370 69.664650 -68.119598 0.832974 0.193371 -1
1 37.483974 62.332550 -68.430099 0.812625 0.198763 -1
1 73.031670 67.599648 10.406902 0.812625 0.310822 -1
1 63.341671 73.172653 9.541602 0.828296 0.305100 -1
1 20.576971 -18.502350 92.288498 0.487033 0.372581 -1
1 -70.179825 -31.949648 -108.989494 0.487033 0.086484 -1
1 -75.659836 -26.362549 -107.282394 0.474755 0.086024 -1
1 -79.100632 -22.665751 -105.801491 0.466683 0.086232 -1
1 7.479270 -9.837348 86.213196 0.466683 0.359162 -1
1 15.286171 -14.994248 89.851402 0.478798 0.367181 -1
1 34.655071 -25.516951 96.729599 0.507382 0.384727 -1
1 -59.056026 -39.402046 -111.100502 0.507382 0.089316 -1
1 -65.127335 -35.496746 -110.425499 0.496638 0.087196 -1
1 -50.504929 -43.072147 -112.277794 0.521248 0.092180 -1
1 44.463272 -28.951048 98.543495 0.521108 0.391797 -1
1 20.331369 71.647453 -68.447197 0.544356 0.358496 -1
1 84.192062 59.780453 14.639603 0.623893 0.532857 -1
1 85.606361 58.857151 15.322302 0.626659 0.534188 -1
1 97.444763 48.908054 23.296303 0.650997 0.551700 -1
1 107.426262 38.036053 32.546299 0.672834 0.573587 -1
1 23.167870 -34.991348 -110.517601 0.579002 0.139714 -1
1 32.675274 -28.050350 -107.500893 0.595550 0.160415 -1
1 -12.434629 11.266252 73.216400 0.425984 0.334959 -1
1 -87.610931 0.127451 -93.507599 0.425984 0.097976 -1
1 -87.596939 1.930151 -92.470596 0.423059 0.099346 -1
1 -87.460434 7.274752 -89.192993 0.414408 0.103696 -1
1 -87.199028 12.712550 -85.596603 0.405635 0.108495 -1
1 -18.698828 22.862150 66.321503 0.405635 0.324432 -1
1 -15.005929 15.761151 70.238197 0.418062 0.330442 -1
1 -15.005929 15.761151 70.238197 0.462379 0.669108 -1
1 -18.698828 22.862150 66.321503 0.457286 0.657373 -1
1 -1.414630 78.670555 26.498602 0.503575 0.544569 -1
1 -3.506530 0.238151 80.129997 0.446334 0.346966 -1
1 -84.726532 -11.796149 -99.997803 0.446334 0.090931 -1
1 -87.303436 -1.399549 -94.466400 0.428575 0.096891 -1
1 5.342072 -7.995249 84.845299 0.498450 0.741876 -1
1 1.746171 -4.619049 82.976601 0.492096 0.731968 -1
1 95.230270 -31.313549 97.952202 0.690190 0.810357 -1
1 91.371567 -32.600548 99.225395 0.680426 0.813741 -1
1 78.499168 -34.161747 101.553398 0.647127 0.816321 -1
1 91.371567 -32.600548 99.225395 0.588780 0.417204 -1
1 -3.979430 -46.728546 -112.241798 0.588780 0.116624 -1
1 -8.299829 -47.261047 -112.215393 0.582448 0.114320 -1
1 -17.866329 -48.440044 -112.163498 0.568431 0.109212 -1
1 78.499168 -34.161747 101.553398 0.568431 0.412990 -1
1 -16.902433 65.614853 37.573898 0.324237 0.294914 -1
1 -62.619427 58.841053 -63.816200 0.324237 0.150798 -1
1 -60.150330 60.766151 -63.432899 0.319480 0.152711 -1
1 -52.055328 67.076546 -62.172302 0.303888 0.158986 -1
1 -9.794230 73.338348 31.553303 0.303888 0.292208 -1
1 40.686172 59.288155 -68.950401 0.805873 0.199610 -1
1 47.257473 53.175053 -69.726898 0.792275 0.201703 -1
1 85.606361 58.857151 15.322302 0.792275 0.322592 -1
1 84.192062 59.780453 14.639603 0.794449 0.321111 -1
1 73.710770 67.080048 10.569602 0.811434 0.311333 -1
1 54.421974 42.533455 -72.118599 0.599464 0.332312 -1
1 47.257473 53.175053 -69.726898 0.584461 0.345491 -1
1 49.543175 -6.718749 -98.312103 0.616980 0.224300 -1
1 49.798176 -6.098848 -98.018906 0.691563 0.165094 -1
1 125.165260 5.037651 69.142799 0.691509 0.402693 -1
1 124.371567 7.035151 66.393196 0.695272 0.399193 -1
1 -21.729532 32.950352 60.324699 0.388082 0.316559 -1
1 107.553970 37.848454 32.713898 0.751240 0.353055 -1
1 9.445671 -42.635544 -111.385895 0.609130 0.125077 -1
1 103.186966 -28.745949 96.511398 0.609130 0.420583 -1
1 108.983177 -25.558548 95.909599 0.619724 0.423201 -1
1 -3.033329 -46.434948 -112.253395 0.590265 0.117135 -1
1 95.230270 -31.313549 97.952202 0.595698 0.417855 -1
1 102.526764 -28.948347 96.483803 0.608119 0.420184 -1
1 -21.446327 56.330452 44.381401 0.344587 0.299784 -1
1 -71.754128 48.876453 -67.190102 0.344587 0.141196 -1
1 -66.824638 54.324749 -65.508598 0.333437 0.146219 -1
1 -87.610931 0.127451 -93.507599 0.375948 0.236117 -1
1 32.762573 -27.956148 -107.466591 0.650021 0.143217 -1
1 68.760971 -33.655048 102.128708 0.554174 0.408540 -1
1 -0.653929 79.165649 25.976202 0.504575 0.543152 -1
1 10.040470 82.854050 20.776201 0.517898 0.529417 -1
1 -1.414630 78.670555 26.498602 0.285278 0.291125 -1
1 -8.889831 73.902649 31.072001 0.301930 0.292166 -1
1 -3.506530 0.238151 80.129997 0.482588 0.716875 -1
1 -12.434629 11.266252 73.216400 0.466771 0.682873 -1
1 124.637772 -5.813249 79.566597 0.729918 0.702240 -1
1 120.719177 -15.004949 87.760704 0.730583 0.735962 -1
1 113.702766 -22.714849 93.984795 0.724102 0.767956 -1
1 9.445671 -42.635544 -111.385895 0.554231 0.114581 -1
1 21.447971 -36.384148 -110.615700 0.576006 0.135527 -1
1 -79.852135 -21.436249 -105.373795 0.464352 0.086433 -1
1 -81.311638 -18.785851 -104.132797 0.459367 0.087327 -1
1 1.746171 -4.619049 82.976601 0.456133 0.352721 -1
1 5.342072 -7.995249 84.845299 0.462930 0.356563 -1
1 -75.615936 42.969055 -69.837898 0.355208 0.135566 -1
1 7.479270 -9.837348 86.213196 0.501710 0.746963 -1
320
0.185589 0.760616 -0.622110
0.167098 0.924048 -0.343822
0.301180 0.850369 -0.431467
0.005196 -0.989751 -0.142710
0.071775 -0.981679 -0.176507
0.051192 -0.998604 0.013047
0.035016 -0.966778 -0.253207
0.332537 0.943088 -0.001854
0.091840 0.994126 -0.057263
0.214462 0.944495 0.248870
0.487404 0.844221 -0.222999
0.263223 -0.932196 -0.248444
0.163398 -0.979697 -0.116166
0.132748 -0.978822 -0.155835
0.298998 -0.938504 -0.172656
0.141561 -0.988616 -0.050985
0.088987 -0.993556 -0.070201
0.545829 0.813389 0.201170
0.325611 0.839871 0.434274
0.187987 -0.933419 0.305598
0.108579 -0.990493 0.084459
0.295400 -0.954414 -0.042802
-0.049522 -0.681500 0.730140
-0.001368 -0.939305 0.343081
-0.009949 -0.798180 0.602337
0.017303 -0.939612 0.341804
0.143287 0.879898 0.453043
0.083620 -0.966225 0.243757
0.108784 -0.814995 0.569165
0.181238 -0.824294 0.536369
0.159628 -0.951357 0.263514
0.122328 -0.881774 0.455534
0.162162 -0.969929 0.181495
0.068032 0.970843 0.229860
-0.051806 0.873224 0.484558
0.039561 -0.994765 0.094217
-0.156943 -0.975124 0.156530
-0.037867 -0.998453 -0.040710
-0.131741 0.987714 0.084052
-0.038352 -0.994329 -0.099196
-0.095935 -0.993414 -0.062647
-0.101195 -0.991641 -0.080055
-0.209951 -0.977711 0.000918
-0.343939 0.902864 -0.257960
-0.291833 0.913774 0.282580
-0.247354 -0.964784 -0.089490
-0.100352 -0.987985 -0.117541
-0.057852 -0.988145 -0.142203
-0.149941 -0.943215 -0.296418
-0.206418 -0.951274 -0.229062
-0.122308 0.965519 -0.229812
-0.159935 0.795263 -0.584789
-0.124711 -0.917686 -0.377226
-0.056690 -0.977829 -0.201586
-0.027666 -0.912084 -0.409070
-0.033360 -0.970928 -0.237034
0.054735 -0.715750 -0.696208
0.067737 -0.914395 -0.399115
0.051682 -0.241656 -0.968985
-0.077226 -0.261026 -0.962238
0.297764 0.741755 -0.600946
0.200795 0.722974 -0.661052
0.079861 0.776074 -0.625565
-0.066304 0.997123 -0.036723
-0.111329 0.880489 -0.460809
-0.070939 -0.726287 -0.683722
-0.189304 -0.773456 -0.604921
-0.187278 -0.478924 -0.857647
-0.268871 -0.055353 -0.961584
-0.368503 -0.444310 -0.816575
-0.335757 -0.802032 -0.493976
-0.604543 0.024710 -0.796189
-0.626308 -0.449389 -0.637014
-0.494835 -0.816924 -0.296265
-0.802827 0.225778 -0.551808
-0.892544 -0.333734 -0.303293
-0.601945 -0.797601 -0.038652
-0.751868 0.652882 -0.091873
-0.884600 0.381499 -0.268218
-0.929321 0.367338 0.037744
-0.943909 -0.293382 0.151536
-0.542189 -0.814179 0.207713
-0.682319 0.712506 0.163636
-0.769156 0.494416 0.404910
-0.857876 -0.134997 0.495807
-0.646330 0.404512 0.647014
-0.707341 -0.263062 0.656100
-0.485591 0.678416 0.551320
-0.507680 -0.718455 0.475483
-0.497728 0.077299 0.863882
-0.317361 0.648591 0.691817
-0.166805 0.298549 0.939705
-0.356124 -0.715040 0.601576
-0.133114 -0.595168 0.792500
0.113618 0.231422 0.966196
0.101704 -0.165712 0.980916
0.176702 -0.500289 0.847636
0.056141 0.591449 0.804386
0.012208 0.515747 0.856654
0.073156 0.583343 0.808925
0.032315 0.417299 0.908195
0.018327 -0.192413 0.981143
-0.116320 0.570592 0.812954
-0.127567 0.280135 0.951447
0.022029 0.240289 0.970451
0.023572 -0.373514 0.927325
0.198242 0.625673 0.754475
0.609160 -0.065502 0.790338
0.896981 0.439150 -0.050723
0.583910 0.785857 0.203662
0.662975 0.589188 0.461867
0.325045 0.826367 0.459852
0.439102 -0.709355 0.551366
0.672647 -0.738236 0.050541
0.589267 -0.772223 -0.237563
0.862012 0.358584 -0.358263
0.745046 0.650109 -0.149217
0.772661 -0.327169 -0.544017
0.837568 0.249553 -0.486007
0.896662 -0.235463 -0.374905
0.554737 -0.753209 -0.353472
0.645616 -0.336203 -0.685673
0.764789 0.132247 -0.630562
0.459972 -0.753965 -0.469001
0.185670 -0.913640 -0.361648
0.412831 -0.556499 -0.721027
0.614027 0.085399 -0.784651
0.683712 0.384854 -0.620020
0.234302 -0.409449 -0.881734
0.423997 -0.004429 -0.905653
0.171601 -0.763311 -0.622824
0.162949 0.047927 -0.985470
-0.218640 0.230765 -0.948127
0.268338 0.537957 -0.799123
0.297615 0.634852 -0.713013
0.096109 0.434898 -0.895336
-0.360465 0.313650 -0.878458
-0.433137 0.038183 -0.900519
-0.258813 0.454993 -0.852055
-0.400941 0.531831 -0.745923
-0.493387 0.370307 -0.787046
-0.525973 0.590062 -0.612519
-0.628295 0.411222 -0.660411
-0.642831 0.608926 -0.464733
-0.701821 0.665650 -0.253690
-0.638041 0.769494 0.027966
-0.591507 0.774357 0.224704
-0.561744 0.743664 0.362503
-0.380133 0.701098 0.603291
-0.160645 0.645044 0.747069
-0.239554 0.663170 0.709097
-0.084894 0.628227 0.773385
0.047626 0.615884 0.786396
0.142696 0.830240 0.538831
0.010849 0.762064 0.647411
0.370861 0.845214 0.384806
0.579813 0.804429 0.129272
0.751848 0.595133 -0.283797
0.746450 0.436483 -0.502290
0.699747 0.591203 -0.401039
0.285003 0.245334 -0.926599
0.262015 0.434158 -0.861890
0.466411 0.378240 -0.799622
0.274248 -0.021312 -0.961423
-0.583184 0.715509 -0.384634
-0.628129 0.744538 -0.226090
-0.635760 0.771830 -0.009371
-0.470026 0.718841 0.512195
-0.470070 0.717220 0.514422
-0.539991 0.743724 0.394062
-0.043381 0.606315 0.794040
0.005032 0.582395 0.812890
0.170390 0.771109 0.613481
0.521993 0.742021 0.420629
-0.622289 0.502410 0.600284
0.376911 0.762140 0.526384
0.697056 0.698209 0.163149
-0.529004 0.483414 0.697471
0.678418 0.724271 -0.123206
0.596875 0.407957 -0.690877
0.637675 0.521523 -0.566909
0.542657 0.484700 -0.685995
-0.595446 0.794310 -0.120485
-0.565832 0.807335 0.167467
-0.613127 0.763048 0.204531
-0.083201 0.688695 0.720262
-0.134881 0.618603 0.774040
0.457620 0.764904 0.453328
0.633625 0.773614 0.006293
0.626595 0.704458 -0.333343
0.433782 0.456721 -0.776685
0.537782 0.537757 -0.649314
0.811233 0.479036 0.335300
0.977936 0.208687 0.009480
0.864582 -0.343436 -0.366811
0.555672 -0.622567 -0.551035
0.455885 -0.740856 -0.493257
0.362669 -0.845689 -0.391510
-0.058859 -0.812025 -0.580647
0.047888 0.607575 0.792818
-0.549982 0.758068 0.350504
-0.111248 0.579613 -0.807262
0.042458 0.497417 -0.866472
-0.076345 -0.198109 -0.977202
-0.154649 -0.517573 -0.841548
-0.014266 -0.773781 -0.633292
0.183221 -0.700596 -0.689634
0.006908 -0.062142 -0.998043
-0.333154 0.647972 -0.684938
0.003025 -0.396297 -0.918118
0.212725 -0.624342 -0.751629
0.388247 -0.458696 -0.799289
0.265403 -0.150503 -0.952318
0.510639 -0.262270 -0.818818
0.138285 0.213353 -0.967139
-0.459177 0.641968 -0.614030
-0.515753 0.765616 -0.384488
-0.455385 0.808703 0.372322
-0.356967 0.681594 0.638752
-0.278806 0.755931 0.592313
-0.241904 0.665596 0.706020
0.311794 0.590427 0.744433
0.023029 0.205326 0.978423
-0.371628 -0.404705 0.835528
0.399646 0.745345 0.533614
0.273669 0.709673 0.649207
0.384354 0.689972 0.613359
0.385283 0.479368 -0.788520
0.422920 0.689411 -0.588091
0.133937 0.422366 -0.896475
0.228905 0.566171 -0.791867
0.244083 0.402076 -0.882473
-0.245329 -0.220471 -0.944037
-0.287351 -0.806000 -0.517487
-0.087569 -0.814301 -0.573800
0.039065 0.671053 -0.740380
0.001662 -0.970084 -0.242766
-0.489999 0.871715 0.003786
0.159585 0.721675 0.673586
0.267255 0.577487 0.771417
0.013940 0.888742 -0.458196
-0.206460 0.816419 -0.539291
-0.275983 0.873363 -0.401336
0.989388 -0.083237 0.119096
-0.359438 0.756727 0.546047
-0.353672 0.817903 0.453817
-0.045173 0.366193 0.929442
0.340504 0.517591 -0.784957
0.396565 0.590285 -0.703064
0.562300 0.492699 -0.664129
0.440312 0.571873 -0.692161
0.202911 0.549252 -0.810647
-0.016238 0.780706 0.624688
-0.737435 0.460229 0.494347
-0.826025 0.448390 0.341510
-0.676624 0.712756 -0.184820
-0.716887 0.622592 -0.313771
-0.385782 0.545303 -0.744189
0.308346 0.420910 -0.853087
-0.968447 0.248473 -0.019293
-0.960109 0.191835 -0.203444
-0.970339 -0.055945 -0.235185
-0.794326 0.072101 -0.603198
0.847278 -0.394477 -0.355680
0.869786 -0.480990 0.110095
0.911848 -0.042719 -0.408300
0.533113 0.410584 -0.739738
0.385772 0.485688 -0.784402
0.273370 -0.833458 0.480226
0.009776 -0.998015 0.062214
0.048628 -0.685189 0.726740
-0.229120 -0.781091 0.580863
0.355494 0.780193 0.514706
-0.340570 -0.446178 0.827609
-0.263503 -0.914603 -0.306704
0.503397 0.649528 -0.569829
0.585716 0.490582 -0.645187
0.441199 0.856623 0.267469
0.028854 0.363216 -0.931258
0.139021 0.925989 -0.351022
0.329641 0.535463 -0.777571
-0.809881 -0.089655 0.579702
-0.320914 -0.565899 -0.759455
-0.389032 -0.873976 -0.291239
-0.358305 -0.745806 0.561597
-0.900581 0.184295 0.393687
0.057683 -0.962164 -0.266297
0.334026 0.057307 0.940820
0.622363 0.397580 -0.674236
-0.807252 0.118826 0.578121
-0.879739 0.428378 0.206279
0.290169 -0.932764 -0.213900
-0.622336 -0.710667 0.328100
-0.487415 -0.729059 0.480520
0.451599 0.888528 0.081091
-0.728340 -0.684290 0.035610
-0.666211 -0.510433 0.543711
-0.674541 -0.710639 -0.199966
-0.840607 0.518668 -0.156089
-0.675946 0.509257 0.532685
-0.620379 0.749952 0.229568
-0.463213 0.603588 0.648934
-0.638971 0.720404 -0.269693
0.820865 -0.564593 -0.086114
0.674049 0.492184 -0.550829
0.651004 0.685670 -0.325654
-0.649805 -0.759921 0.016552
0.706870 -0.018395 -0.707104
0.970821 0.202728 -0.128090
0.772984 -0.136133 -0.619648
-0.881170 -0.230601 0.412750
0.444407 -0.883270 -0.149452
0.745752 0.206688 -0.633352
-0.247287 0.254145 0.935019
-0.724850 -0.578984 0.373323
0.355288 -0.834321 0.421519
-0.171991 0.928862 -0.328078
-0.040582 0.828976 -0.557810
-0.524787 -0.586561 0.616883
-0.392443 0.821876 0.412926
640
1 0 1 2 0 1 2 1
1 3 4 5 3 4 5 1
1 6 4 3 6 4 3 1
1 7 8 9 7 8 9 1
1 2 7 10 2 7 10 1
1 11 12 13 11 12 13 1
1 14 15 12 14 15 12 1
1 12 15 16 12 15 16 1
1 7 17 10 7 17 10 1
1 7 18 17 7 18 17 1
1 19 20 21 19 20 21 1
1 21 20 15 21 20 15 1
1 9 18 7 9 18 7 1
1 22 23 24 22 23 24 1
1 20 23 5 20 23 5 1
1 24 23 19 24 23 19 1
1 23 25 5 23 25 5 1
1 9 26 18 9 26 18 1
1 25 27 5 25 27 5 1
1 28 25 22 28 25 22 1
1 29 30 28 29 30 28 1
1 27 30 5 27 30 5 1
1 30 29 31 30 29 31 1
1 30 32 5 30 32 5 1
1 26 33 34 26 33 34 1
1 31 32 30 31 32 30 1
1 35 31 36 35 31 36 1
1 32 35 5 32 35 5 1
1 31 35 32 31 35 32 1
1 35 37 5 35 37 5 1
1 36 37 35 36 37 35 1
1 34 33 38 34 33 38 1
1 37 39 5 37 39 5 1
1 40 39 37 40 39 37 1
1 40 41 39 40 41 39 1
1 42 41 40 42 41 40 1
1 38 43 44 38 43 44 1
1 45 46 41 45 46 41 1
1 39 47 5 39 47 5 1
1 48 47 49 48 47 49 1
1 50 51 43 50 51 43 1
1 52 53 48 52 53 48 1
1 54 55 52 54 55 52 1
1 56 57 58 56 57 54 1
1 59 56 60 58 56 59 1
1 60 61 62 59 60 61 1
1 60 62 63 59 61 62 1
1 60 63 64 59 62 63 1
1 60 64 65 59 63 64 1
1 60 65 59 59 64 58 1
1 66 60 56 65 59 56 1
1 67 68 66 66 67 65 1
1 69 68 70 68 67 69 1
1 71 67 58 52 66 54 1
1 72 70 67 70 69 66 1
1 73 70 74 71 69 72 1
1 75 72 71 48 70 52 1
1 74 72 76 72 70 73 1
1 77 72 75 49 70 48 1
1 78 76 77 45 73 49 1
1 79 74 80 74 72 75 1
1 80 76 81 75 73 76 1
1 82 83 84 77 78 79 1
1 85 81 86 80 76 81 1
1 87 84 88 82 79 83 1
1 84 80 85 79 75 80 1
1 88 85 89 83 80 84 1
1 86 90 91 81 42 36 1
1 92 89 93 85 84 86 1
1 94 88 92 87 83 85 1
1 93 86 95 86 81 88 1
1 94 92 96 87 85 89 1
1 97 96 98 90 89 91 1
1 96 99 100 89 92 93 1
1 101 102 103 94 95 96 1
1 104 105 106 97 98 99 1
1 105 102 101 98 95 94 1
1 103 107 108 96 29 28 1
1 106 101 109 99 94 100 1
1 110 111 108 22 101 28 1
1 112 113 114 102 103 104 1
1 115 116 117 19 105 24 1
1 118 114 119 106 104 107 1
1 117 116 110 24 105 22 1
1 120 121 122 108 109 110 1
1 123 118 122 111 106 110 1
1 124 119 116 112 107 105 1
1 125 126 115 21 113 19 1
1 127 125 128 114 21 14 1
1 129 130 120 115 116 108 1
1 131 132 133 117 118 119 1
1 134 133 127 120 119 114 1
1 134 128 135 120 14 11 1
1 136 137 131 121 122 117 1
1 138 131 134 123 117 120 1
1 138 135 139 123 11 124 1
1 140 141 136 125 126 121 1
1 141 142 137 126 127 122 1
1 143 144 140 128 129 125 1
1 145 139 57 130 124 57 1
1 145 143 140 130 128 125 1
1 59 146 143 58 131 128 1
1 147 148 149 132 133 134 1
1 147 149 150 132 134 135 1
1 147 150 69 132 135 68 1
1 151 69 152 136 68 137 1
1 153 147 151 138 132 136 1
1 154 151 155 139 136 140 1
1 155 152 73 140 137 71 1
1 156 155 157 141 140 142 1
1 156 157 158 141 142 143 1
1 158 157 79 143 142 74 1
1 159 79 83 144 74 78 1
1 160 82 87 145 77 82 1
1 161 87 162 146 82 147 1
1 162 87 88 147 82 83 1
1 97 163 94 90 148 87 1
1 164 165 97 149 150 90 1
1 105 166 164 98 151 149 1
1 104 167 105 97 152 98 1
1 167 104 106 152 97 99 1
1 168 169 123 153 154 111 1
1 169 112 118 154 102 106 1
1 121 170 123 109 155 111 1
1 170 168 123 155 153 111 1
1 130 171 121 116 156 109 1
1 129 172 130 115 157 116 1
1 173 174 172 158 159 157 1
1 132 172 129 118 157 115 1
1 142 173 137 127 158 122 1
1 175 176 177 160 161 162 1
1 144 177 141 129 162 126 1
1 146 175 178 131 160 163 1
1 179 156 158 164 141 143 1
1 180 158 159 165 143 144 1
1 181 159 160 166 144 145 1
1 182 183 184 167 168 169 1
1 163 183 182 148 168 167 1
1 185 186 167 170 171 152 1
1 187 188 189 172 173 174 1
1 187 189 190 172 174 175 1
1 187 190 168 172 175 153 1
1 187 191 192 172 176 177 1
1 187 192 188 172 177 173 1
1 187 168 170 172 153 155 1
1 174 193 172 159 178 157 1
1 194 195 142 179 180 127 1
1 194 196 195 179 181 180 1
1 177 196 194 162 181 179 1
1 197 179 180 182 164 165 1
1 198 181 199 183 166 184 1
1 186 200 201 171 185 186 1
1 202 170 171 187 155 156 1
1 193 203 171 178 188 156 1
1 204 203 174 189 188 159 1
1 205 206 196 190 191 181 1
1 195 204 174 180 189 159 1
1 185 207 208 170 192 193 1
1 185 208 209 170 193 194 1
1 185 209 210 170 194 195 1
1 185 210 211 170 195 196 1
1 185 211 212 170 196 197 1
1 185 212 213 170 197 198 1
1 185 213 214 170 198 199 1
1 185 214 186 170 199 171 1
1 167 186 166 152 171 151 1
1 166 201 165 151 186 150 1
1 183 215 184 168 200 169 1
1 216 217 218 201 202 203 1
1 216 218 219 201 203 204 1
1 216 219 220 201 204 205 1
1 216 220 221 201 205 206 1
1 216 221 222 201 206 207 1
1 223 224 225 208 209 210 1
1 223 225 226 208 210 211 1
1 223 226 227 208 211 212 1
1 223 227 228 208 212 213 1
1 223 228 229 208 213 214 1
1 223 229 230 208 214 215 1
1 231 230 179 216 215 164 1
1 197 180 181 182 165 166 1
1 183 232 215 168 217 200 1
1 233 234 183 218 219 168 1
1 235 234 233 220 219 218 1
1 200 234 235 185 219 220 1
1 236 237 238 221 222 223 1
1 236 238 239 221 223 224 1
1 236 239 240 221 224 225 1
1 241 236 202 226 221 187 1
1 17 202 203 17 187 188 1
1 17 241 202 17 226 187 1
1 204 17 203 189 17 188 1
1 242 243 206 227 228 191 1
1 244 245 246 229 230 231 1
1 246 245 242 231 230 227 1
1 217 244 247 202 229 232 1
1 217 247 248 202 232 233 1
1 217 248 249 202 233 234 1
1 217 249 218 202 234 203 1
1 250 217 216 235 202 201 1
1 51 216 223 51 201 208 1
1 55 251 3 55 236 3 1
1 43 223 231 43 208 216 1
1 252 231 197 237 216 182 1
1 252 197 198 237 182 183 1
1 234 44 232 219 44 217 1
1 200 34 234 185 34 219 1
1 253 34 200 238 34 185 1
1 254 253 214 239 238 199 1
1 253 254 241 238 239 226 1
1 18 241 17 18 226 17 1
1 10 17 204 10 17 189 1
1 243 10 204 228 10 189 1
1 0 2 243 0 2 228 1
1 250 0 245 235 0 230 1
1 250 245 217 235 230 202 1
1 16 5 4 16 5 4 1
1 16 4 13 16 4 13 1
1 2 1 7 2 1 7 1
1 13 4 255 13 4 124 1
1 13 255 11 13 124 11 1
1 40 37 36 40 37 36 1
1 40 36 42 40 36 42 1
1 7 1 8 7 1 8 1
1 13 12 16 13 12 16 1
1 11 14 12 11 14 12 1
1 16 15 5 16 15 5 1
1 14 21 15 14 21 15 1
1 33 9 8 33 9 8 1
1 15 20 5 15 20 5 1
1 19 23 20 19 23 20 1
1 22 25 23 22 25 23 1
1 18 26 253 18 26 238 1
1 9 33 26 9 33 26 1
1 28 27 25 28 27 25 1
1 28 30 27 28 30 27 1
1 253 26 34 238 26 34 1
1 8 38 33 8 38 33 1
1 44 34 38 44 34 38 1
1 3 5 47 3 5 47 1
1 3 47 53 3 47 53 1
1 42 45 41 42 45 41 1
1 38 8 50 38 8 50 1
1 44 43 252 44 43 237 1
1 41 46 39 41 46 39 1
1 256 50 8 240 50 8 1
1 38 50 43 38 50 43 1
1 39 46 47 39 46 47 1
1 49 47 46 49 47 46 1
1 45 49 46 45 49 46 1
1 1 256 8 1 240 8 1
1 50 256 51 50 240 51 1
1 78 90 86 45 42 81 1
1 78 86 81 45 81 76 1
1 48 53 47 48 53 47 1
1 53 55 3 53 55 3 1
1 52 55 53 52 55 53 1
1 250 51 256 235 51 240 1
1 66 68 60 65 67 59 1
1 59 65 257 58 64 241 1
1 59 257 258 58 241 242 1
1 58 66 56 54 65 56 1
1 69 60 68 68 59 67 1
1 58 67 66 54 66 65 1
1 152 69 70 137 68 69 1
1 67 70 68 66 69 67 1
1 73 152 70 71 137 69 1
1 71 72 67 52 70 66 1
1 72 74 70 70 72 69 1
1 79 73 74 74 71 72 1
1 77 76 72 49 73 70 1
1 79 157 73 74 142 71 1
1 83 79 80 78 74 75 1
1 80 74 76 75 72 73 1
1 84 83 80 79 78 75 1
1 81 76 78 76 73 45 1
1 95 99 96 88 92 89 1
1 95 96 93 88 89 86 1
1 88 84 85 83 79 80 1
1 87 82 84 82 77 79 1
1 85 80 81 80 75 76 1
1 89 85 86 84 80 81 1
1 93 89 86 86 84 81 1
1 92 88 89 85 83 84 1
1 4 6 259 4 6 57 1
1 4 259 255 4 57 124 1
1 95 86 91 88 81 36 1
1 97 94 96 90 87 89 1
1 96 92 93 89 85 86 1
1 91 260 100 36 31 93 1
1 91 100 99 36 93 92 1
1 99 95 91 92 88 36 1
1 98 96 100 91 89 93 1
1 102 98 100 95 91 93 1
1 98 105 164 91 98 149 1
1 98 164 97 91 149 90 1
1 260 107 103 31 29 96 1
1 260 103 102 31 96 95 1
1 105 98 102 98 91 95 1
1 102 100 260 95 93 31 1
1 106 105 101 99 98 94 1
1 101 103 111 94 96 101 1
1 101 111 109 94 101 100 1
1 113 111 116 103 101 105 1
1 113 116 114 103 105 104 1
1 108 111 103 28 101 96 1
1 111 113 109 101 103 100 1
1 110 116 111 22 105 101 1
1 119 124 126 107 112 113 1
1 119 126 261 107 113 243 1
1 112 262 263 102 244 245 1
1 112 263 264 102 245 246 1
1 112 264 113 102 246 103 1
1 118 112 114 106 102 104 1
1 116 119 114 105 107 104 1
1 115 126 124 19 113 112 1
1 122 119 261 110 107 243 1
1 122 261 120 110 243 108 1
1 120 261 133 108 243 119 1
1 120 133 129 108 119 115 1
1 122 121 123 110 109 111 1
1 119 122 118 107 110 106 1
1 115 124 116 19 112 105 1
1 133 132 129 119 118 115 1
1 126 127 133 113 114 119 1
1 126 133 261 113 119 243 1
1 143 145 56 128 130 56 1
1 143 56 59 128 56 58 1
1 127 126 125 114 113 21 1
1 134 131 133 120 117 119 1
1 134 127 128 120 114 14 1
1 131 137 132 117 122 118 1
1 138 136 131 123 121 117 1
1 138 134 135 123 120 11 1
1 138 140 136 123 125 121 1
1 136 141 137 121 126 122 1
1 140 144 141 125 129 126 1
1 140 138 139 125 123 124 1
1 143 178 144 128 163 129 1
1 145 140 139 130 125 124 1
1 143 146 178 128 131 163 1
1 56 145 57 56 130 57 1
1 6 251 54 6 236 54 1
1 6 54 259 6 54 57 1
1 184 162 94 169 147 87 1
1 184 94 182 169 87 167 1
1 251 6 3 236 6 3 1
1 147 265 266 132 247 248 1
1 147 266 148 132 248 133 1
1 153 267 268 138 249 250 1
1 153 268 269 138 250 251 1
1 153 269 147 138 251 132 1
1 154 153 151 139 138 136 1
1 151 147 69 136 132 68 1
1 156 154 155 141 139 140 1
1 155 151 152 140 136 137 1
1 157 155 73 142 140 71 1
1 159 158 79 144 143 74 1
1 160 159 82 145 144 77 1
1 82 159 83 77 144 78 1
1 161 160 87 146 145 82 1
1 184 161 162 169 146 147 1
1 160 161 199 145 146 184 1
1 160 199 181 145 184 166 1
1 94 162 88 87 147 83 1
1 163 182 94 148 167 87 1
1 97 165 163 90 150 148 1
1 164 166 165 149 151 150 1
1 105 167 166 98 152 151 1
1 169 270 271 154 252 253 1
1 169 271 272 154 253 254 1
1 169 272 112 154 254 102 1
1 168 190 270 153 175 252 1
1 168 270 169 153 252 154 1
1 123 169 118 111 154 106 1
1 130 172 171 116 157 156 1
1 121 171 170 109 156 155 1
1 120 130 121 108 116 109 1
1 132 173 172 118 158 157 1
1 137 173 132 122 158 118 1
1 141 194 142 126 179 127 1
1 141 177 194 126 162 179 1
1 144 175 177 129 160 162 1
1 178 175 144 163 160 129 1
1 146 273 274 131 255 256 1
1 146 274 275 131 256 257 1
1 146 275 175 131 257 160 1
1 180 179 158 165 164 143 1
1 181 180 159 166 165 144 1
1 205 177 176 190 162 161 1
1 205 176 276 190 161 258 1
1 184 199 161 169 184 146 1
1 172 193 171 157 178 156 1
1 142 195 174 127 180 159 1
1 173 142 174 158 127 159 1
1 177 205 196 162 190 181 1
1 187 170 202 172 155 187 1
1 187 202 240 172 187 225 1
1 176 277 278 161 259 260 1
1 176 278 279 161 260 261 1
1 176 279 280 161 261 262 1
1 176 280 276 161 262 258 1
1 256 1 0 240 1 0 1
1 256 0 250 240 0 235 1
1 179 230 156 164 215 141 1
1 215 198 199 200 183 184 1
1 201 200 235 186 185 220 1
1 233 163 165 218 148 150 1
1 233 165 235 218 150 220 1
1 203 202 171 188 187 156 1
1 174 203 193 159 188 178 1
1 205 242 206 190 227 191 1
1 276 242 205 258 227 190 1
1 276 246 242 258 231 227 1
1 196 206 195 181 191 180 1
1 195 206 204 180 191 189 1
1 166 186 201 151 171 186 1
1 165 201 235 150 186 220 1
1 163 233 183 148 218 168 1
1 199 184 215 184 169 200 1
1 154 156 230 139 141 215 1
1 153 154 281 138 139 263 1
1 153 281 282 138 263 264 1
1 153 282 283 138 264 265 1
1 153 283 284 138 265 266 1
1 153 284 285 138 266 267 1
1 231 223 230 216 208 215 1
1 197 231 179 182 216 164 1
1 198 197 181 183 182 166 1
1 215 232 198 200 217 183 1
1 183 234 232 168 219 217 1
1 186 214 200 171 199 185 1
1 236 254 286 221 239 268 1
1 236 286 287 221 268 269 1
1 236 287 288 221 269 270 1
1 236 288 289 221 270 271 1
1 236 289 290 221 271 272 1
1 236 290 291 221 272 273 1
1 236 291 237 221 273 222 1
1 202 236 240 187 221 225 1
1 206 243 204 191 228 189 1
1 217 245 244 202 230 229 1
1 51 250 216 51 235 201 1
1 223 216 222 208 201 207 1
1 223 222 224 208 207 209 1
1 54 251 55 54 236 55 1
1 43 51 223 43 51 208 1
1 252 43 231 237 43 216 1
1 198 232 252 183 217 237 1
1 232 44 252 217 44 237 1
1 234 34 44 219 34 44 1
1 214 253 200 199 238 185 1
1 241 254 236 226 239 221 1
1 18 253 241 18 238 226 1
1 243 2 10 228 2 10 1
1 242 245 243 227 230 228 1
1 245 0 243 230 0 228 1
1 292 293 294 274 275 276 1
1 292 294 295 274 276 277 1
1 292 295 106 274 277 99 1
1 296 297 298 278 279 280 1
1 296 298 292 278 280 274 1
1 296 292 106 278 274 99 1
1 299 300 301 177 260 259 1
1 299 301 302 177 259 281 1
1 299 302 303 177 281 174 1
1 299 303 304 177 174 173 1
1 305 306 307 271 233 232 1
1 305 307 308 271 232 282 1
1 305 308 309 271 282 283 1
1 305 309 310 271 283 284 1
1 305 310 311 271 284 273 1
1 305 311 312 271 273 272 1
1 313 314 277 285 281 259 1
1 313 277 176 285 259 161 1
1 315 316 317 286 206 205 1
1 315 317 318 286 205 269 1
1 315 318 319 286 269 268 1
1 315 319 320 286 268 287 1
1 285 321 153 267 288 138 1
1 322 323 324 253 289 257 1
1 322 324 325 253 257 256 1
1 322 325 326 253 256 290 1
1 322 326 327 253 290 254 1
1 328 329 330 279 62 61 1
1 328 330 331 279 61 280 1
1 332 333 334 291 210 209 1
1 332 334 335 291 209 207 1
1 332 335 316 291 207 206 1
1 332 316 315 291 206 286 1
1 336 337 338 292 293 284 1
1 336 338 339 292 284 283 1
1 336 339 244 292 283 229 1
1 336 244 246 292 229 231 1
1 150 340 61 135 294 60 1
1 150 61 60 135 60 59 1
1 150 60 69 135 59 68 1
1 341 342 343 193 265 264 1
1 341 343 344 193 264 194 1
1 345 346 347 295 296 262 1
1 345 347 348 295 262 261 1
1 345 348 349 295 261 297 1
1 350 286 254 287 268 239 1
1 350 254 214 287 239 199 1
1 318 317 351 269 205 204 1
1 318 351 352 269 204 203 1
1 318 352 353 269 203 234 1
1 318 353 354 269 234 270 1
1 355 356 357 298 299 300 1
1 355 357 358 298 300 301 1
1 355 358 359 298 301 302 1
1 229 360 281 214 303 263 1
1 229 281 154 214 263 139 1
1 229 154 230 214 139 215 1
1 361 362 363 273 284 293 1
1 361 363 364 273 293 223 1
1 361 364 365 273 223 222 1
1 366 367 368 276 134 133 1
1 366 368 369 276 133 248 1
1 366 369 370 276 248 304 1
1 366 370 371 276 304 277 1
1 372 373 374 275 294 135 1
1 372 374 367 275 135 134 1
1 372 367 366 275 134 276 1
1 331 330 375 280 61 60 1
1 331 375 373 280 60 294 1
1 331 373 372 280 294 275 1
1 331 372 376 280 275 274 1
1 339 377 244 283 282 229 1
1 378 379 380 305 306 295 1
1 378 380 381 305 295 297 1
1 378 381 191 305 297 176 1
1 378 191 187 305 176 172 1
1 378 187 240 305 172 225 1
1 382 383 273 300 299 255 1
1 382 273 146 300 255 131 1
1 384 385 386 307 308 288 1
1 384 386 387 307 288 267 1
1 384 387 388 307 267 266 1
1 384 388 389 307 266 309 1
1 384 389 390 307 309 310 1
1 391 392 207 310 309 192 1
1 391 207 185 310 192 170 1
1 213 393 214 198 311 199 1
1 394 395 396 312 250 249 1
1 394 396 385 312 249 308 1
1 394 385 384 312 308 307 1
1 269 265 147 251 247 132 1
1 397 398 185 313 314 170 1
1 397 185 167 313 170 152 1
1 399 400 401 315 316 317 1
1 399 401 296 315 317 278 1
1 399 296 106 315 278 99 1
1 399 106 109 315 99 100 1
1 402 403 404 316 241 64 1
1 402 404 405 316 64 63 1
1 402 405 406 316 63 317 1
1 407 408 409 196 213 212 1
1 407 409 410 196 212 211 1
1 407 410 411 196 211 197 1
1 364 363 412 223 293 292 1
1 364 412 413 223 292 318 1
1 364 413 414 223 318 306 1
1 364 414 415 223 306 305 1
1 364 415 416 223 305 224 1
1 280 417 418 262 296 318 1
1 280 418 336 262 318 292 1
1 280 336 246 262 292 231 1
1 280 246 276 262 231 258 1
1 275 419 313 257 289 285 1
1 275 313 176 257 285 161 1
1 275 176 175 257 161 160 1
1 303 302 420 174 281 285 1
1 303 420 323 174 285 289 1
1 303 323 322 174 289 253 1
1 303 322 421 174 253 252 1
1 303 421 422 174 252 175 1
1 389 388 342 309 266 265 1
1 389 342 341 309 265 193 1
1 389 341 423 309 193 192 1
1 349 348 300 297 261 260 1
1 349 300 299 297 260 177 1
1 349 299 424 297 177 176 1
1 359 358 425 302 301 319 1
1 359 425 426 302 319 245 1
1 359 426 427 302 245 244 1
1 426 425 428 245 319 242 1
1 426 428 403 245 242 241 1
1 426 403 402 245 241 316 1
1 426 402 429 245 316 315 1
1 426 429 430 245 315 246 1
1 431 432 433 195 303 214 1
1 431 433 408 195 214 213 1
1 431 408 407 195 213 196 1
1 321 434 267 288 308 249 1
1 321 267 153 288 249 138 1
1 326 325 435 290 256 255 1
1 326 435 356 290 255 299 1
1 326 356 355 290 299 298 1
1 406 405 329 317 63 62 1
1 406 329 328 317 62 279 1
1 406 328 436 317 279 278 1
1 393 437 438 311 291 286 1
1 393 438 350 311 286 287 1
1 393 350 214 311 287 199 1
1 411 410 333 197 211 210 1
1 411 333 332 197 210 291 1
1 411 332 439 197 291 311 1
1 411 439 440 197 311 198 1
1 239 378 240 224 305 225 1
1 354 353 306 270 234 233 1
1 354 306 305 270 233 271 1
1 398 441 442 314 312 307 1
1 398 442 391 314 307 310 1
1 398 391 185 314 310 170 1
1 272 443 444 254 290 298 1
1 272 444 445 254 298 302 1
1 272 445 262 254 302 244 1
1 272 262 112 254 244 102 1
1 414 413 346 306 318 296 1
1 414 346 345 306 296 295 1
1 258 446 447 242 319 301 1
1 258 447 382 242 301 300 1
1 258 382 146 242 300 131 1
1 258 146 59 242 131 58 1
1 370 369 448 304 248 247 1
1 370 448 449 304 247 251 1
1 370 449 395 304 251 250 1
1 370 395 394 304 250 312 1
1 370 394 450 304 312 314 1
1 370 450 451 304 314 313 1
1 344 343 452 194 264 263 1
1 344 452 432 194 263 303 1
1 344 432 431 194 303 195 1
1 377 247 244 282 232 229 1
1 295 453 397 277 304 313 1
1 295 397 167 277 313 152 1
1 295 167 106 277 152 99 1
1 264 399 109 246 315 100 1
1 264 109 113 246 100 103 1

Materials: 1
"Material.002"
1.000000 1.000000 1.000000 1.000000
0.800000 0.800000 0.800000 1.000000
0.500000 0.500000 0.500000 1.000000
0.000000 0.000000 0.000000 1.000000
0.000000
1.000000
"snowtexbbbb.png"
""

Bones: 0
GroupComments: 0
MaterialComments: 0
BoneComments: 0
ModelComment: 0
