// MilkShape 3D ASCII

Frames: 10
Frame: 10

Meshes: 10
"jalka" 0 5
90
0 99.825012 -150.905426 0.000000 0.000000 0.000000 0
0 86.450989 -150.905426 49.912502 0.000000 0.000000 0
0 0.000000 -150.905426 0.000000 0.000000 0.000000 0
0 35.513565 -109.094566 -0.000000 0.000000 0.000000 0
0 0.000000 -109.094566 -0.000000 0.000000 0.000000 0
0 30.755615 -109.094566 17.756765 0.000000 0.000000 0
0 99.825012 -150.905426 0.000000 0.000000 1.000000 0
0 54.128265 -131.558807 -0.000000 0.000000 0.750000 0
0 46.876434 -131.558807 27.064119 0.083333 0.750000 0
0 86.450989 -150.905426 49.912502 0.083333 1.000000 0
0 39.459518 -120.928291 -0.000000 0.000000 0.500000 0
0 34.172913 -120.928291 19.729740 0.083333 0.500000 0
0 35.513565 -114.550682 -0.000000 0.000000 0.250000 0
0 30.755615 -114.550682 17.756765 0.083333 0.250000 0
0 30.755615 -109.094566 17.756765 0.083333 0.000000 0
0 49.912506 -150.905426 86.450996 0.000000 0.000000 0
0 17.756760 -109.094566 30.755625 0.000000 0.000000 0
0 49.912506 -150.905426 86.450996 0.166667 1.000000 0
0 27.064133 -131.558807 46.876434 0.166667 0.750000 0
0 19.729736 -120.928291 34.172916 0.166667 0.500000 0
0 17.756760 -114.550682 30.755625 0.166667 0.250000 0
0 17.756760 -109.094566 30.755625 0.166667 0.000000 0
0 0.000000 -150.905426 99.825005 0.000000 0.000000 0
0 0.000000 -109.094566 35.513535 0.000000 0.000000 0
0 0.000000 -131.558807 54.128242 0.250000 0.750000 0
0 0.000000 -150.905426 99.825005 0.250000 1.000000 0
0 0.000000 -120.928291 39.459484 0.250000 0.500000 0
0 0.000000 -114.550682 35.513535 0.250000 0.250000 0
0 0.000000 -109.094566 35.513535 0.250000 0.000000 0
0 -49.912506 -150.905426 86.450996 0.000000 0.000000 0
0 -17.756790 -109.094566 30.755625 0.000000 0.000000 0
0 -49.912506 -150.905426 86.450996 0.333333 1.000000 0
0 -27.064148 -131.558807 46.876434 0.333333 0.750000 0
0 -19.729767 -120.928291 34.172916 0.333333 0.500000 0
0 -17.756790 -114.550682 30.755625 0.333333 0.250000 0
0 -17.756790 -109.094566 30.755625 0.333333 0.000000 0
0 -86.450989 -150.905426 49.912506 0.000000 0.000000 0
0 -30.755615 -109.094566 17.756769 0.000000 0.000000 0
0 -46.876434 -131.558807 27.064123 0.416667 0.750000 0
0 -86.450989 -150.905426 49.912506 0.416667 1.000000 0
0 -34.172913 -120.928291 19.729744 0.416667 0.500000 0
0 -30.755615 -114.550682 17.756769 0.416667 0.250000 0
0 -30.755615 -109.094566 17.756769 0.416667 0.000000 0
0 -99.825012 -150.905426 -0.000008 0.000000 0.000000 0
0 -35.513550 -109.094566 -0.000003 0.000000 0.000000 0
0 -99.825012 -150.905426 -0.000008 0.500000 1.000000 0
0 -54.128265 -131.558807 -0.000005 0.500000 0.750000 0
0 -39.459503 -120.928291 -0.000004 0.500000 0.500000 0
0 -35.513550 -114.550682 -0.000003 0.500000 0.250000 0
0 -35.513550 -109.094566 -0.000003 0.500000 0.000000 0
0 -86.450989 -150.905426 -49.912498 0.000000 0.000000 0
0 -30.755615 -103.427902 -19.423431 0.000000 0.000000 0
0 -46.876434 -131.558807 -27.064121 0.583333 0.750000 0
0 -86.450989 -150.905426 -49.912498 0.583333 1.000000 0
0 -34.172913 -120.928291 -19.729742 0.583333 0.500000 0
0 -30.755615 -114.550682 -17.756767 0.583333 0.250000 0
0 -30.755615 -103.427902 -19.423431 0.583333 0.000000 0
0 -49.912506 -150.905426 -86.450996 0.000000 0.000000 0
0 -17.756790 -99.427902 -33.088951 0.000000 0.000000 0
0 -49.912506 -150.905426 -86.450996 0.666667 1.000000 0
0 -27.064148 -131.558807 -46.876434 0.666667 0.750000 0
0 -19.729767 -120.928291 -34.172916 0.666667 0.500000 0
0 -17.756790 -114.550682 -30.755625 0.666667 0.250000 0
0 -17.756790 -99.427902 -33.088951 0.666667 0.000000 0
0 0.000000 -150.905426 -99.825005 0.000000 0.000000 0
0 0.000000 -99.427902 -37.846863 0.000000 0.000000 0
0 0.000000 -131.558807 -54.128242 0.750000 0.750000 0
0 0.000000 -150.905426 -99.825005 0.750000 1.000000 0
0 0.000000 -120.928291 -39.459484 0.750000 0.500000 0
0 0.000000 -114.550682 -35.513535 0.750000 0.250000 0
0 0.000000 -99.427902 -37.846863 0.750000 0.000000 0
0 49.912506 -150.905426 -86.450996 0.000000 0.000000 0
0 17.756760 -99.427902 -33.088951 0.000000 0.000000 0
0 49.912506 -150.905426 -86.450996 0.833333 1.000000 0
0 27.064133 -131.558807 -46.876434 0.833333 0.750000 0
0 19.729736 -120.928291 -34.172916 0.833333 0.500000 0
0 17.756760 -114.550682 -30.755625 0.833333 0.250000 0
0 17.756760 -99.427902 -33.088951 0.833333 0.000000 0
0 86.450989 -150.905426 -49.912521 0.000000 0.000000 0
0 30.755615 -103.427902 -19.423441 0.000000 0.000000 0
0 46.876419 -131.558807 -27.064135 0.916667 0.750000 0
0 86.450989 -150.905426 -49.912521 0.916667 1.000000 0
0 34.172913 -120.928291 -19.729753 0.916667 0.500000 0
0 30.755615 -114.550682 -17.756777 0.916667 0.250000 0
0 30.755615 -103.427902 -19.423441 0.916667 0.000000 0
0 99.825012 -150.905426 0.000000 1.000000 1.000000 0
0 54.128265 -131.558807 -0.000000 1.000000 0.750000 0
0 39.459518 -120.928291 -0.000000 1.000000 0.500000 0
0 35.513565 -114.550682 -0.000000 1.000000 0.250000 0
0 35.513565 -109.094566 -0.000000 1.000000 0.000000 0
70
0.000000 -1.000000 0.000000
0.000000 0.989944 0.141456
-0.000000 0.990720 0.135920
0.000000 1.000000 0.000000
0.389869 0.920870 -0.000000
0.491156 0.871072 -0.000000
0.425353 0.871072 0.245578
0.337636 0.920870 0.194934
0.731574 0.681762 0.000000
0.633561 0.681762 0.365788
0.961506 0.274785 0.000000
0.832688 0.274785 0.480754
0.999950 -0.009611 0.002806
0.866025 0.000000 0.500001
0.194934 0.920871 0.337636
0.245578 0.871072 0.425353
0.365787 0.681762 0.633562
0.480753 0.274785 0.832688
0.500000 0.000000 0.866025
0.000000 0.871072 0.491155
0.000000 0.920870 0.389869
0.000000 0.681762 0.731574
0.000000 0.274785 0.961506
0.000000 0.000000 1.000000
-0.194934 0.920870 0.337636
-0.245578 0.871072 0.425353
-0.365787 0.681762 0.633562
-0.480753 0.274785 0.832688
-0.500000 0.000000 0.866025
-0.425353 0.871072 0.245578
-0.337636 0.920870 0.194934
-0.633562 0.681762 0.365787
-0.832688 0.274785 0.480753
-0.866025 0.000000 0.500000
-0.000000 0.989944 0.141457
-0.389869 0.920870 -0.000000
-0.491155 0.871072 -0.000000
-0.731574 0.681762 -0.000000
-0.961506 0.274785 -0.000000
-0.999950 -0.009611 0.002806
-0.000182 0.959902 0.280334
-0.425353 0.871072 -0.245578
-0.337636 0.920870 -0.194934
-0.633562 0.681762 -0.365787
-0.840973 0.243775 -0.483051
-0.867368 -0.073748 -0.492172
0.032923 0.963974 0.263950
-0.194934 0.920870 -0.337636
-0.245578 0.871072 -0.425353
-0.365787 0.681762 -0.633562
-0.489088 0.210657 -0.846414
-0.496814 -0.131549 -0.857829
-0.000000 0.968895 0.247471
0.000000 0.871072 -0.491155
0.000000 0.920870 -0.389869
0.000000 0.681762 -0.731574
0.000000 0.200703 -0.979652
0.000000 -0.152488 -0.988305
-0.032923 0.963974 0.263950
0.194934 0.920871 -0.337636
0.245578 0.871072 -0.425353
0.365787 0.681762 -0.633562
0.489088 0.210657 -0.846414
0.496814 -0.131549 -0.857829
0.000183 0.959902 0.280334
0.425353 0.871072 -0.245578
0.337636 0.920871 -0.194934
0.633561 0.681762 -0.365788
0.840972 0.243775 -0.483052
0.867368 -0.073748 -0.492173
120
0 0 1 2 0 0 0 2
0 3 4 5 1 2 3 2
0 6 7 8 4 5 6 1
0 6 8 9 4 6 7 1
0 7 10 8 5 8 6 1
0 10 11 8 8 9 6 1
0 10 12 13 8 10 11 1
0 10 13 11 8 11 9 1
0 12 3 13 10 12 11 1
0 3 14 13 12 13 11 1
0 1 15 2 0 0 0 2
0 5 4 16 3 2 3 2
0 9 8 17 7 6 14 1
0 8 18 17 6 15 14 1
0 8 11 19 6 9 16 1
0 8 19 18 6 16 15 1
0 11 13 19 9 11 16 1
0 13 20 19 11 17 16 1
0 13 14 21 11 13 18 1
0 13 21 20 11 18 17 1
0 15 22 2 0 0 0 2
0 16 4 23 3 2 3 2
0 17 18 24 14 15 19 1
0 17 24 25 14 19 20 1
0 18 19 24 15 16 19 1
0 19 26 24 16 21 19 1
0 19 20 27 16 17 22 1
0 19 27 26 16 22 21 1
0 20 21 27 17 18 22 1
0 21 28 27 18 23 22 1
0 22 29 2 0 0 0 2
0 23 4 30 3 2 3 2
0 25 24 31 20 19 24 1
0 24 32 31 19 25 24 1
0 24 26 33 19 21 26 1
0 24 33 32 19 26 25 1
0 26 27 33 21 22 26 1
0 27 34 33 22 27 26 1
0 27 28 35 22 23 28 1
0 27 35 34 22 28 27 1
0 29 36 2 0 0 0 2
0 30 4 37 3 2 3 2
0 31 32 38 24 25 29 1
0 31 38 39 24 29 30 1
0 32 33 38 25 26 29 1
0 33 40 38 26 31 29 1
0 33 34 41 26 27 32 1
0 33 41 40 26 32 31 1
0 34 35 41 27 28 32 1
0 35 42 41 28 33 32 1
0 36 43 2 0 0 0 2
0 37 4 44 3 2 34 2
0 39 38 45 30 29 35 1
0 38 46 45 29 36 35 1
0 38 40 47 29 31 37 1
0 38 47 46 29 37 36 1
0 40 41 47 31 32 37 1
0 41 48 47 32 38 37 1
0 41 42 49 32 33 39 1
0 41 49 48 32 39 38 1
0 43 50 2 0 0 0 2
0 44 4 51 34 2 40 2
0 45 46 52 35 36 41 1
0 45 52 53 35 41 42 1
0 46 47 52 36 37 41 1
0 47 54 52 37 43 41 1
0 47 48 55 37 38 44 1
0 47 55 54 37 44 43 1
0 48 49 55 38 39 44 1
0 49 56 55 39 45 44 1
0 50 57 2 0 0 0 2
0 51 4 58 40 2 46 2
0 53 52 59 42 41 47 1
0 52 60 59 41 48 47 1
0 52 54 61 41 43 49 1
0 52 61 60 41 49 48 1
0 54 55 61 43 44 49 1
0 55 62 61 44 50 49 1
0 55 56 63 44 45 51 1
0 55 63 62 44 51 50 1
0 57 64 2 0 0 0 2
0 58 4 65 46 2 52 2
0 59 60 66 47 48 53 1
0 59 66 67 47 53 54 1
0 60 61 66 48 49 53 1
0 61 68 66 49 55 53 1
0 61 62 69 49 50 56 1
0 61 69 68 49 56 55 1
0 62 63 69 50 51 56 1
0 63 70 69 51 57 56 1
0 64 71 2 0 0 0 2
0 65 4 72 52 2 58 2
0 67 66 73 54 53 59 1
0 66 74 73 53 60 59 1
0 66 68 75 53 55 61 1
0 66 75 74 53 61 60 1
0 68 69 75 55 56 61 1
0 69 76 75 56 62 61 1
0 69 70 77 56 57 63 1
0 69 77 76 56 63 62 1
0 71 78 2 0 0 0 2
0 72 4 79 58 2 64 2
0 73 74 80 59 60 65 1
0 73 80 81 59 65 66 1
0 74 75 80 60 61 65 1
0 75 82 80 61 67 65 1
0 75 76 83 61 62 68 1
0 75 83 82 61 68 67 1
0 76 77 83 62 63 68 1
0 77 84 83 63 69 68 1
0 78 0 2 0 0 0 2
0 79 4 3 64 2 1 2
0 81 80 85 66 65 4 1
0 80 86 85 65 5 4 1
0 80 82 87 65 67 8 1
0 80 87 86 65 8 5 1
0 82 83 87 67 68 8 1
0 83 88 87 68 10 8 1
0 83 84 89 68 69 12 1
0 83 89 88 68 12 10 1
"monitor_front" 0 1
71
0 -113.707367 -92.671890 103.077484 0.046983 0.890208 0
0 -81.200745 -92.671890 103.077484 0.176491 0.890208 0
0 -101.914734 -66.596931 103.077484 0.093965 0.780416 0
0 -113.707367 -77.828537 103.077484 0.046983 0.827708 0
0 -113.707367 -65.062370 103.077484 0.046983 0.773954 0
0 -125.500000 118.746857 103.077484 0.000000 0.000000 0
0 -125.500000 -118.746857 103.077484 0.000000 1.000000 0
0 -82.332367 102.671890 103.077484 0.171983 0.067686 0
0 -109.812500 103.903503 103.077484 0.062500 0.062500 0
0 -101.914734 86.596931 103.077484 0.093965 0.135372 0
0 -94.125000 -118.746857 103.077484 0.125000 1.000000 0
0 -85.095612 -66.596931 103.077484 0.160974 0.780416 0
0 66.276489 -66.596931 103.077484 0.764050 0.780416 0
0 -68.276489 -66.596931 103.077484 0.227982 0.780416 0
0 -113.707367 72.985191 103.077484 0.046983 0.192686 0
0 -101.914734 -41.064606 103.077484 0.093965 0.672908 0
0 -100.594795 -35.357018 93.879097 0.138194 0.628247 0
0 -100.594795 55.357063 93.879097 0.138194 0.289911 0
0 -101.914734 -53.830769 103.077484 0.093965 0.726662 0
0 -100.594795 -65.595047 93.879097 0.138194 0.741026 0
0 109.812500 -118.746857 103.077484 0.937500 1.000000 0
0 125.500000 -118.746857 103.077484 1.000000 1.000000 0
0 62.750000 -118.746857 103.077484 0.750000 1.000000 0
0 112.707367 102.671890 103.077484 0.949033 0.067686 0
0 99.914734 86.596931 103.077484 0.898067 0.135372 0
0 112.707367 75.062393 103.077484 0.949033 0.183939 0
0 125.500000 118.746857 103.077484 1.000000 0.000000 0
0 112.707367 -77.828537 103.077484 0.949033 0.827708 0
0 58.756874 -65.595047 93.879097 0.700547 0.741026 0
0 -60.756874 -65.595047 93.879097 0.278782 0.741026 0
0 99.914734 61.064636 103.077484 0.898067 0.242879 0
0 99.914734 -2.766127 103.077484 0.898067 0.511647 0
0 98.594795 55.357063 93.879097 0.841135 0.289911 0
0 98.594795 -5.118982 93.879097 0.841135 0.515468 0
0 -68.276489 86.596931 103.077484 0.227982 0.135372 0
0 66.276489 86.596931 103.077484 0.764050 0.135372 0
0 -101.914734 61.064636 103.077484 0.093965 0.242879 0
0 -60.756874 85.595039 93.879097 0.278782 0.177132 0
0 58.756874 85.595039 93.879097 0.700547 0.177132 0
0 98.594795 85.595039 93.879097 0.841135 0.177132 0
0 83.095612 86.596931 103.077484 0.831058 0.135372 0
0 -100.594795 85.595039 93.879097 0.138194 0.177132 0
0 -100.594795 70.476067 93.879097 0.138194 0.233521 0
0 98.594795 -65.595047 93.879097 0.841135 0.741026 0
0 99.914734 -66.596931 103.077484 0.898067 0.780416 0
0 99.914734 -53.830769 103.077484 0.898067 0.726662 0
0 48.825745 -92.671890 103.077484 0.694525 0.890208 0
0 81.332367 -92.671890 103.077484 0.824033 0.890208 0
0 83.095612 -66.596931 103.077484 0.831058 0.780416 0
0 78.675835 -65.595047 93.879097 0.770841 0.741026 0
0 -80.675835 -65.595047 93.879097 0.208488 0.741026 0
0 -94.125000 -118.746857 103.077484 0.125000 1.000000 0
0 -101.914734 73.830780 103.077484 0.093965 0.189125 0
0 31.375000 -118.746857 103.077484 0.625000 1.000000 0
0 -101.914734 -41.064606 103.077484 0.093965 0.672908 0
0 -107.811050 -53.063488 103.077484 0.070474 0.723431 0
0 78.675835 85.595039 93.879097 0.770841 0.177132 0
0 80.200745 102.671890 103.077484 0.819525 0.067686 0
0 -85.095612 86.596931 103.077484 0.160974 0.135372 0
0 98.594795 -50.476028 93.879097 0.841135 0.684637 0
0 99.914734 -41.064606 103.077484 0.898067 0.672908 0
0 112.707367 -7.766127 103.077484 0.949033 0.532700 0
0 99.914734 73.830780 103.077484 0.898067 0.189125 0
0 -80.675835 85.595039 93.879097 0.208488 0.177132 0
0 -100.594795 -50.476028 93.879097 0.138194 0.684637 0
0 98.594795 70.476067 93.879097 0.841135 0.233521 0
0 -62.750000 -118.746857 103.077484 0.250000 1.000000 0
0 31.375000 -118.746857 103.077484 0.625000 1.000000 0
0 112.707367 -50.219006 103.077484 0.949033 0.711454 0
0 99.914734 -15.532284 103.077484 0.898067 0.565401 0
0 98.594795 -35.357018 93.879097 0.841135 0.628247 0
30
0.000000 0.000000 1.000000
0.154525 0.155190 0.975724
0.221155 -0.222107 0.949610
0.000000 0.667728 0.744406
0.000000 0.738262 0.674514
0.000000 0.852991 0.521925
0.877106 0.000000 0.480298
0.989861 0.000000 0.142042
0.989861 0.000000 0.142042
0.694616 0.697605 0.175658
0.000000 0.000000 0.000000
-0.221155 -0.222107 0.949610
0.000000 0.994121 0.108279
-0.877106 0.000000 0.480298
-0.516272 0.000000 0.856424
-0.989861 0.000000 0.142042
0.000000 -0.890372 0.455235
0.000000 -0.756928 0.653498
0.838973 0.000000 0.544173
0.000000 -0.994120 0.108280
-0.694616 -0.697605 0.175659
0.000000 -0.667727 0.744406
0.694616 -0.697605 0.175659
-0.694616 0.697605 0.175658
-0.221155 0.222107 0.949610
-0.654965 0.000000 0.755659
0.654965 0.000000 0.755659
0.000000 -0.994120 0.108280
-0.742858 0.000000 0.669449
-0.774409 0.000000 0.632686
104
0 0 1 2 0 0 1 1
0 3 4 5 0 0 0 1
0 6 0 5 0 0 0 1
0 7 8 9 0 0 2 1
0 6 10 0 0 0 0 1
0 0 3 5 0 0 0 1
0 1 11 2 0 3 1 1
0 1 12 13 0 4 5 1
0 4 14 5 0 0 0 1
0 15 16 17 6 7 8 1
0 18 19 15 7 9 6 1
0 18 2 19 7 1 9 1
0 20 21 22 10 0 0 1
0 23 24 25 0 11 0 1
0 26 8 7 0 0 0 1
0 21 27 22 0 0 0 1
0 21 23 25 0 0 0 1
0 12 28 29 4 12 12 1
0 25 30 31 0 13 14 1
0 30 32 33 13 15 15 1
0 7 34 35 0 16 17 1
0 17 36 15 8 18 6 1
0 37 38 34 19 19 16 1
0 29 13 12 12 5 4 1
0 19 2 11 9 1 3 1
0 39 24 40 20 11 21 1
0 41 36 42 22 18 7 1
0 43 44 45 23 24 25 1
0 46 47 12 0 0 4 1
0 44 48 47 24 3 0 1
0 44 43 48 24 23 3 1
0 43 49 12 23 12 4 1
0 19 13 50 9 5 12 1
0 51 1 0 0 0 0 1
0 9 52 41 2 26 22 1
0 9 8 14 2 0 0 1
0 53 22 46 0 0 0 1
0 2 3 0 1 0 0 1
0 2 4 3 1 0 0 1
0 4 15 14 0 6 0 1
0 54 55 2 0 0 1 1
0 36 14 15 18 0 6 1
0 52 9 14 26 2 0 1
0 38 35 34 19 17 16 1
0 56 39 35 27 20 17 1
0 57 7 35 0 0 17 1
0 57 26 7 0 0 0 1
0 9 58 7 2 21 0 1
0 9 41 58 2 22 21 1
0 33 31 30 15 14 13 1
0 59 43 60 15 23 28 1
0 61 25 31 0 0 14 1
0 61 21 25 0 0 0 1
0 24 62 25 11 25 0 1
0 24 39 62 11 20 25 1
0 41 63 34 22 27 16 1
0 19 64 15 9 7 6 1
0 39 65 30 20 15 13 1
0 1 46 12 0 0 4 1
0 66 1 51 0 0 0 1
0 66 46 1 0 0 0 1
0 67 46 66 0 0 0 1
0 47 22 27 0 0 0 1
0 22 47 46 0 0 0 1
0 44 68 45 24 0 25 1
0 44 47 27 24 0 0 1
0 24 57 40 11 0 21 1
0 24 23 57 11 0 0 1
0 40 35 39 21 17 20 1
0 40 57 35 21 0 17 1
0 58 34 7 21 16 0 1
0 58 41 34 21 22 16 1
0 48 12 47 3 4 0 1
0 48 43 12 3 23 4 1
0 11 13 19 3 5 9 1
0 11 1 13 3 0 5 1
0 62 30 25 25 13 0 1
0 62 39 30 25 20 13 1
0 52 36 41 26 18 22 1
0 52 14 36 26 0 18 1
0 45 60 43 25 28 23 1
0 45 68 60 25 0 28 1
0 5 8 26 0 0 0 1
0 5 14 8 0 0 0 1
0 55 4 2 0 0 1 1
0 68 27 21 0 0 0 1
0 68 44 27 0 24 0 1
0 26 23 21 0 0 0 1
0 26 57 23 0 0 0 1
0 60 69 70 28 29 15 1
0 60 61 69 28 0 29 1
0 59 60 70 15 28 15 1
0 65 32 30 15 15 13 1
0 42 36 17 7 18 8 1
0 56 35 38 27 17 19 1
0 63 37 34 27 19 16 1
0 50 13 29 12 5 12 1
0 49 28 12 12 12 4 1
0 64 16 15 7 7 6 1
0 68 61 60 0 0 28 1
0 68 21 61 0 0 0 1
0 70 69 33 15 29 15 1
0 69 31 33 29 14 15 1
0 69 61 31 29 0 14 1
"monitor_glass" 0 0
64
0 78.675835 -20.237995 99.464867 0.750000 0.625000 0
0 58.756874 40.238045 105.050644 0.687500 0.375000 0
0 58.756874 -20.237995 105.050644 0.687500 0.625000 0
0 -60.756874 -50.476028 99.464867 0.312500 0.750000 0
0 38.837914 -50.476028 99.464867 0.625000 0.750000 0
0 38.837914 -35.357018 105.050644 0.625000 0.687500 0
0 -40.837917 55.357063 105.050644 0.375000 0.312500 0
0 -40.837917 40.238045 108.774506 0.375000 0.375000 0
0 18.918957 40.238045 108.774506 0.562500 0.375000 0
0 -60.756874 40.238045 105.050644 0.312500 0.375000 0
0 -60.756874 -20.237995 105.050644 0.312500 0.625000 0
0 -40.837917 25.119038 108.774506 0.375000 0.437500 0
0 -20.918959 25.119038 110.636452 0.437500 0.437500 0
0 18.918957 -5.118982 110.636452 0.562500 0.562500 0
0 18.918957 25.119038 110.636452 0.562500 0.437500 0
0 -20.918959 -5.118982 110.636452 0.437500 0.562500 0
0 78.675835 40.238045 99.464867 0.750000 0.375000 0
0 38.837914 70.476067 99.464867 0.625000 0.250000 0
0 38.837914 55.357063 105.050644 0.625000 0.312500 0
0 -100.594795 -35.357018 93.879097 0.187500 0.687500 0
0 -80.675835 -20.237995 99.464867 0.250000 0.625000 0
0 -100.594795 55.357063 93.879097 0.187500 0.312500 0
0 -60.756874 -65.595047 93.879097 0.312500 0.812500 0
0 58.756874 -65.595047 93.879097 0.687500 0.812500 0
0 -60.756874 85.595039 93.879097 0.312500 0.187500 0
0 -40.837917 70.476067 99.464867 0.375000 0.250000 0
0 58.756874 85.595039 93.879097 0.687500 0.187500 0
0 -80.675835 40.238045 99.464867 0.250000 0.375000 0
0 -40.837917 -35.357018 105.050644 0.375000 0.687500 0
0 98.594795 55.357063 93.879097 0.812500 0.312500 0
0 98.594795 -5.118982 93.879097 0.812500 0.562500 0
0 98.594795 85.595039 93.879097 0.812500 0.187500 0
0 78.675835 85.595039 93.879097 0.750000 0.187500 0
0 78.675835 70.476067 99.464867 0.750000 0.250000 0
0 -100.594795 85.595039 93.879097 0.187500 0.187500 0
0 -100.594795 70.476067 93.879097 0.187500 0.250000 0
0 -80.675835 70.476067 99.464867 0.250000 0.250000 0
0 98.594795 -65.595047 93.879097 0.812500 0.812500 0
0 98.594795 -50.476028 93.879097 0.812500 0.750000 0
0 78.675835 -50.476028 99.464867 0.750000 0.750000 0
0 78.675835 -65.595047 93.879097 0.750000 0.812500 0
0 -100.594795 -65.595047 93.879097 0.187500 0.812500 0
0 -80.675835 -65.595047 93.879097 0.250000 0.812500 0
0 -80.675835 -50.476028 99.464867 0.250000 0.750000 0
0 -80.675835 85.595039 93.879097 0.250000 0.187500 0
0 -100.594795 -50.476028 93.879097 0.187500 0.750000 0
0 98.594795 70.476067 93.879097 0.812500 0.250000 0
0 18.918957 -20.237995 108.774506 0.562500 0.625000 0
0 38.837914 -20.237995 108.774506 0.625000 0.625000 0
0 38.837914 25.119038 108.774506 0.625000 0.437500 0
0 -40.837917 -20.237995 108.774506 0.375000 0.625000 0
0 -60.756874 -35.357018 105.050644 0.312500 0.687500 0
0 -80.675835 -35.357018 99.464867 0.250000 0.687500 0
0 -60.756874 70.476067 99.464867 0.312500 0.250000 0
0 -60.756874 55.357063 105.050644 0.312500 0.312500 0
0 78.675835 55.357063 99.464867 0.750000 0.312500 0
0 58.756874 55.357063 105.050644 0.687500 0.312500 0
0 58.756874 70.476067 99.464867 0.687500 0.250000 0
0 78.675835 -35.357018 99.464867 0.750000 0.687500 0
0 58.756874 -35.357018 105.050644 0.687500 0.687500 0
0 98.594795 -35.357018 93.879097 0.812500 0.687500 0
0 58.756874 -50.476028 99.464867 0.687500 0.750000 0
0 38.837914 40.238045 108.774506 0.625000 0.375000 0
0 -80.675835 55.357063 99.464867 0.250000 0.312500 0
45
0.270009 0.000000 0.962858
0.227111 0.000000 0.973869
0.218470 0.000000 0.975844
0.000000 -0.346558 0.938029
0.000000 -0.293320 0.956014
0.000000 0.293320 0.956014
-0.077485 0.101026 0.991862
0.000000 0.181013 0.983481
-0.227111 0.000000 0.973869
-0.218470 0.000000 0.975844
-0.138564 0.000000 0.990353
-0.031105 0.040851 0.998681
0.031105 -0.040851 0.998681
0.037334 0.049031 0.998099
-0.037334 -0.049031 0.998099
0.000000 0.346559 0.938028
0.000000 0.282545 0.959254
-0.270009 0.000000 0.962858
-0.270009 0.000000 0.962858
-0.270009 0.000000 0.962858
0.000000 -0.346558 0.938029
0.000000 -0.346558 0.938029
0.000000 0.346559 0.938028
0.000000 -0.282545 0.959254
0.270009 0.000000 0.962858
0.270009 0.000000 0.962858
0.138396 0.177632 0.974317
0.138396 0.177632 0.974317
-0.138396 0.177632 0.974317
-0.138396 0.177632 0.974317
0.138396 -0.177631 0.974317
0.138396 -0.177631 0.974317
-0.138396 -0.177631 0.974317
-0.138396 -0.177631 0.974317
0.000000 -0.181013 0.983481
0.077485 -0.101026 0.991862
0.138564 0.000000 0.990353
-0.077485 -0.101026 0.991862
-0.144966 -0.135992 0.980047
-0.270009 0.000000 0.962858
-0.126986 0.163407 0.978352
0.126986 0.163407 0.978352
0.126986 -0.163407 0.978352
0.000000 -0.346558 0.938029
0.077485 0.101026 0.991862
105
0 0 1 2 0 1 2 1
0 3 4 5 3 3 4 1
0 6 7 8 5 6 7 1
0 9 10 11 8 9 10 1
0 12 13 14 11 12 13 1
0 12 15 13 11 14 12 1
0 16 1 0 0 1 0 1
0 17 6 18 15 5 16 1
0 19 20 21 17 18 19 1
0 22 23 3 20 21 3 1
0 24 25 26 22 15 22 1
0 21 20 27 19 18 18 1
0 20 10 9 18 9 8 1
0 3 5 28 3 4 23 1
0 29 16 30 24 0 25 1
0 26 25 17 22 15 15 1
0 23 4 3 21 3 3 1
0 30 16 0 25 0 0 1
0 31 32 33 26 22 27 1
0 34 35 36 28 19 29 1
0 37 38 39 30 24 31 1
0 37 39 40 30 31 20 1
0 41 42 43 32 20 33 1
0 25 6 17 15 5 15 1
0 27 20 9 18 18 8 1
0 34 36 44 28 29 22 1
0 41 43 45 32 33 19 1
0 31 33 46 26 27 24 1
0 47 13 15 34 12 14 1
0 48 49 13 35 36 12 1
0 12 11 15 11 10 14 1
0 12 8 7 11 7 6 1
0 8 18 6 7 16 5 1
0 49 2 1 36 2 1 1
0 48 2 49 35 2 36 1
0 47 28 5 34 23 4 1
0 50 28 47 37 23 34 1
0 50 11 10 37 10 9 1
0 49 14 13 36 13 12 1
0 8 12 14 7 11 13 1
0 50 15 11 37 14 10 1
0 50 47 15 37 34 14 1
0 43 3 51 33 3 38 1
0 43 22 3 33 20 3 1
0 43 52 19 33 39 17 1
0 43 51 52 33 38 39 1
0 36 53 24 29 15 22 1
0 36 54 53 29 40 15 1
0 33 55 29 27 0 24 1
0 33 56 55 27 41 0 1
0 33 57 56 27 15 41 1
0 33 26 57 27 22 15 1
0 39 58 59 31 0 42 1
0 39 60 58 31 25 0 1
0 54 6 25 40 5 15 1
0 54 7 6 40 6 5 1
0 59 5 4 42 4 3 1
0 59 48 5 42 35 4 1
0 39 61 23 31 43 21 1
0 39 59 61 31 42 43 1
0 56 1 16 41 1 0 1
0 56 62 1 41 44 1 1
0 54 9 7 40 8 6 1
0 54 27 9 40 18 8 1
0 36 63 54 29 39 40 1
0 36 21 63 29 19 39 1
0 51 10 20 38 9 18 1
0 51 50 10 38 37 9 1
0 59 2 48 42 2 35 1
0 59 0 2 42 0 2 1
0 51 28 50 38 23 37 1
0 51 3 28 38 3 23 1
0 56 18 62 41 16 44 1
0 56 17 18 41 15 16 1
0 38 60 39 24 25 31 1
0 46 33 29 24 27 24 1
0 35 21 36 19 19 29 1
0 32 26 33 22 22 27 1
0 44 36 24 22 29 22 1
0 42 22 43 20 20 33 1
0 40 39 23 20 31 21 1
0 45 43 19 19 33 17 1
0 62 8 14 44 7 13 1
0 62 18 8 44 16 7 1
0 48 47 5 35 34 4 1
0 48 13 47 35 12 34 1
0 60 30 0 25 25 0 1
0 62 49 1 44 36 1 1
0 62 14 49 44 13 36 1
0 7 11 12 6 10 11 1
0 7 9 11 6 8 10 1
0 63 27 54 39 18 40 1
0 63 21 27 39 19 18 1
0 55 16 29 0 0 24 1
0 55 56 16 0 41 0 1
0 52 20 19 39 18 17 1
0 52 51 20 39 38 18 1
0 58 0 59 0 0 42 1
0 58 60 0 0 25 0 1
0 53 25 24 15 15 22 1
0 53 54 25 15 40 15 1
0 57 17 56 15 15 41 1
0 57 26 17 15 22 15 1
0 61 4 23 43 3 21 1
0 61 59 4 43 42 3 1
"monitor_top" 0 3
13
0 0.000000 65.568970 -110.636452 0.500000 0.000000 0
0 -79.042900 76.643639 -66.936493 0.000000 0.250000 0
0 34.334099 65.568970 -110.636452 0.750000 0.000000 0
0 79.042900 76.643639 -66.936493 1.000000 0.250000 0
0 -125.500000 118.746857 103.077484 0.000000 1.000000 0
0 125.500000 118.746857 40.327484 1.000000 0.750000 0
0 -125.500000 118.746857 40.327484 0.000000 0.750000 0
0 125.500000 118.746857 103.077484 1.000000 1.000000 0
0 90.985069 88.420349 -13.418060 1.000000 0.500000 0
0 -90.985069 88.420349 -13.418060 0.000000 0.500000 0
0 68.668198 65.568970 -110.636452 1.000000 0.000000 0
0 -68.668198 65.568970 -110.636452 0.000000 0.000000 0
0 -34.334099 65.568970 -110.636452 0.250000 0.000000 0
9
0.000000 0.969356 -0.245659
0.000000 0.970889 -0.239528
0.000000 0.969356 -0.245659
0.000000 0.973117 -0.230312
0.000000 1.000000 0.000000
0.000000 0.985664 -0.168720
0.000000 0.941347 -0.337439
0.000000 0.915112 -0.403199
0.000000 0.950699 -0.310115
11
0 0 1 2 0 1 2 1
0 2 1 3 2 1 3 1
0 4 5 6 4 5 6 1
0 7 5 4 4 5 4 1
0 6 8 9 6 7 8 1
0 5 8 6 5 7 6 1
0 9 3 1 8 3 1 1
0 8 3 9 7 3 8 1
0 10 2 3 0 2 3 1
0 11 1 12 0 1 0 1
0 12 1 0 0 1 0 1
"monitor_bottom" 0 3
13
0 -90.985069 -103.884987 -13.418060 0.000000 0.500000 0
0 -79.042900 -92.108330 -66.936493 0.000000 0.750000 0
0 90.985069 -103.884987 -13.418060 1.000000 0.500000 0
0 79.042900 -92.108330 -66.936493 1.000000 0.750000 0
0 -125.500000 -118.746857 103.077484 0.000000 0.000000 0
0 -125.500000 -118.746857 40.327484 0.000000 0.250000 0
0 125.500000 -118.746857 103.077484 1.000000 0.000000 0
0 125.500000 -118.746857 40.327484 1.000000 0.250000 0
0 0.000000 -81.033630 -110.636452 0.500000 1.000000 0
0 34.334099 -81.033630 -110.636452 0.750000 1.000000 0
0 -68.668198 -81.033630 -110.636452 0.000000 1.000000 0
0 -34.334099 -81.033630 -110.636452 0.250000 1.000000 0
0 68.668198 -81.033630 -110.636452 1.000000 1.000000 0
9
0.000000 -0.968402 -0.249395
0.000000 -0.972384 -0.233387
0.000000 -0.972672 -0.232185
0.000000 -0.971267 -0.237994
0.000000 -1.000000 0.000000
0.000000 -0.995981 -0.089563
0.000000 -0.983826 -0.179126
0.000000 -0.969356 -0.245660
0.000000 -0.969356 -0.245660
11
0 0 1 2 0 1 2 1
0 3 2 1 3 2 1 1
0 4 5 6 4 5 4 1
0 6 5 7 4 5 6 1
0 7 0 2 6 0 2 1
0 5 0 7 5 0 6 1
0 8 3 1 7 3 1 1
0 9 3 8 8 3 7 1
0 10 11 1 8 8 1 1
0 12 3 9 8 3 8 1
0 8 1 11 7 1 8 1
"monitor_left" 0 2
14
0 -90.985069 -103.884987 -13.418060 0.500000 1.000000 0
0 -79.042900 76.643639 -66.936493 0.250000 0.000000 0
0 -79.042900 -92.108330 -66.936493 0.250000 1.000000 0
0 -68.668198 -44.382980 -110.636452 0.000000 0.750000 0
0 -125.500000 118.746857 103.077484 1.000000 0.000000 0
0 -125.500000 59.373451 40.327484 0.750000 0.250000 0
0 -125.500000 -118.746857 103.077484 1.000000 1.000000 0
0 -125.500000 -118.746857 40.327484 0.750000 1.000000 0
0 -90.985069 88.420349 -13.418060 0.500000 0.000000 0
0 -68.668198 -81.033630 -110.636452 0.000000 1.000000 0
0 -68.668198 28.918320 -110.636452 0.000000 0.250000 0
0 -68.668198 -7.732328 -110.636452 0.000000 0.500000 0
0 -68.668198 65.568970 -110.636452 0.000000 0.000000 0
0 -125.500000 118.746857 40.327484 0.750000 0.000000 0
8
-0.922917 0.000000 -0.384998
-0.973990 0.000000 -0.226591
-0.973990 0.000000 -0.226591
-0.972957 0.000000 -0.230987
-1.000000 0.000000 0.000000
-0.959540 0.000000 -0.281573
-0.959540 0.000000 -0.281573
-0.898568 0.000000 -0.438833
13
0 0 1 2 0 1 2 1
0 2 1 3 2 1 3 1
0 4 5 6 4 5 4 1
0 6 5 7 4 5 6 1
0 5 8 0 5 7 0 1
0 7 5 0 6 5 0 1
0 8 1 0 7 1 0 1
0 9 2 3 3 2 3 1
0 10 11 1 3 3 1 1
0 12 10 1 3 3 1 1
0 3 1 11 3 1 3 1
0 13 5 4 6 5 4 1
0 13 8 5 6 7 5 1
"monitor_right" 0 2
14
0 68.668198 65.568970 -110.636452 1.000000 0.000000 0
0 79.042900 76.643639 -66.936493 0.750000 0.000000 0
0 68.668198 28.918320 -110.636452 1.000000 0.250000 0
0 90.985069 -103.884987 -13.418060 0.500000 1.000000 0
0 79.042900 -92.108330 -66.936493 0.750000 1.000000 0
0 125.500000 118.746857 103.077484 0.000000 0.000000 0
0 125.500000 -59.373405 40.327484 0.250000 0.750000 0
0 125.500000 118.746857 40.327484 0.250000 0.000000 0
0 125.500000 -118.746857 103.077484 0.000000 1.000000 0
0 90.985069 88.420349 -13.418060 0.500000 0.000000 0
0 68.668198 -81.033630 -110.636452 1.000000 1.000000 0
0 68.668198 -44.382980 -110.636452 1.000000 0.750000 0
0 68.668198 -7.732328 -110.636452 1.000000 0.500000 0
0 125.500000 -118.746857 40.327484 0.250000 1.000000 0
8
0.972957 0.000000 -0.230987
0.974499 0.000000 -0.224391
0.922917 0.000000 -0.384998
0.973579 0.000000 -0.228350
1.000000 0.000000 0.000000
0.959540 0.000000 -0.281573
0.959540 0.000000 -0.281573
0.898568 0.000000 -0.438833
13
0 0 1 2 0 1 0 1
0 3 4 1 2 3 1 1
0 5 6 7 4 5 6 1
0 8 6 5 4 5 4 1
0 7 6 9 6 5 7 1
0 6 3 9 5 2 7 1
0 9 3 1 7 2 1 1
0 2 1 4 0 1 3 1
0 10 11 4 0 0 3 1
0 12 4 11 0 3 0 1
0 2 4 12 0 3 0 1
0 13 6 8 5 5 4 1
0 13 3 6 5 2 5 1
"monitor_back" 0 4
16
0 0.000000 -81.033630 -110.636452 0.500000 1.000000 0
0 -68.668198 -7.732328 -110.636452 1.000000 0.500000 0
0 34.334099 -81.033630 -110.636452 0.250000 1.000000 0
0 0.000000 65.568970 -110.636452 0.500000 0.000000 0
0 34.334099 65.568970 -110.636452 0.250000 0.000000 0
0 68.668198 -7.732328 -110.636452 0.000000 0.500000 0
0 68.668198 -44.382980 -110.636452 0.000000 0.750000 0
0 -68.668198 28.918320 -110.636452 1.000000 0.250000 0
0 -34.334099 65.568970 -110.636452 0.750000 0.000000 0
0 68.668198 65.568970 -110.636452 0.000000 0.000000 0
0 68.668198 28.918320 -110.636452 0.000000 0.250000 0
0 -68.668198 -81.033630 -110.636452 1.000000 1.000000 0
0 -68.668198 -44.382980 -110.636452 1.000000 0.750000 0
0 -34.334099 -81.033630 -110.636452 0.750000 1.000000 0
0 -68.668198 65.568970 -110.636452 1.000000 0.000000 0
0 68.668198 -81.033630 -110.636452 0.000000 1.000000 0
1
0.000000 0.000000 -1.000000
14
0 0 1 2 0 0 0 1
0 3 4 5 0 0 0 1
0 2 1 6 0 0 0 1
0 7 5 1 0 0 0 1
0 8 5 7 0 0 0 1
0 5 6 1 0 0 0 1
0 9 10 4 0 0 0 1
0 10 5 4 0 0 0 1
0 11 12 13 0 0 0 1
0 12 1 13 0 0 0 1
0 14 8 7 0 0 0 1
0 8 3 5 0 0 0 1
0 15 2 6 0 0 0 1
0 0 13 1 0 0 0 1
"Duplicate01" 0 6
141
0 -0.003255 -81.459808 -111.453094 0.500000 1.000000 0
0 -69.077370 -7.725217 -111.453094 1.000000 0.500000 0
0 34.533802 -81.459808 -111.453094 0.250000 1.000000 0
0 -0.003255 66.009377 -111.453094 0.500000 0.000000 0
0 34.533802 66.009377 -111.453094 0.250000 0.000000 0
0 69.070862 -7.725217 -111.453094 0.000000 0.500000 0
0 69.070862 -44.592518 -111.453094 0.000000 0.750000 0
0 -69.077370 29.142078 -111.453094 1.000000 0.250000 0
0 -34.540310 66.009377 -111.453094 0.750000 0.000000 0
0 69.070862 66.009377 -111.453094 0.000000 0.000000 0
0 69.070862 29.142078 -111.453094 0.000000 0.250000 0
0 -69.077370 -81.459808 -111.453094 1.000000 1.000000 0
0 -69.077370 -44.592518 -111.453094 1.000000 0.750000 0
0 -34.540310 -81.459808 -111.453094 0.750000 1.000000 0
0 -69.077370 66.009377 -111.453094 1.000000 0.000000 0
0 69.070862 -81.459808 -111.453094 0.000000 1.000000 0
0 -114.382767 -93.166870 103.524216 0.046983 0.890208 0
0 -81.683990 -93.166870 103.524216 0.176491 0.890208 0
0 -102.520432 -66.937782 103.524216 0.093965 0.780416 0
0 -114.382767 -78.235779 103.524216 0.046983 0.827708 0
0 -114.382767 -65.394157 103.524216 0.046983 0.773954 0
0 -126.245110 119.501625 103.524216 0.000000 0.000000 0
0 -126.245110 -119.395981 103.524216 0.000000 1.000000 0
0 -82.822266 103.331627 103.524216 0.171983 0.067686 0
0 -110.464882 104.570503 103.524216 0.062500 0.062500 0
0 -102.520432 87.161652 103.524216 0.093965 0.135372 0
0 -94.684639 -119.395981 103.524216 0.125000 1.000000 0
0 -85.601891 -66.937782 103.524216 0.160974 0.780416 0
0 66.665009 -66.937782 103.524216 0.764050 0.780416 0
0 -68.683334 -66.937782 103.524216 0.227982 0.780416 0
0 -114.382767 73.469444 103.524216 0.046983 0.192686 0
0 -102.520432 -41.254524 103.524216 0.093965 0.672908 0
0 -101.192680 -35.513203 94.271439 0.138194 0.628247 0
0 -101.192680 55.737099 94.271439 0.138194 0.289911 0
0 -102.520432 -54.096157 103.524216 0.093965 0.726662 0
0 -101.192680 -65.929977 94.271439 0.138194 0.741026 0
0 110.458382 -119.395981 103.524216 0.937500 1.000000 0
0 126.238617 -119.395981 103.524216 1.000000 1.000000 0
0 63.117672 -119.395981 103.524216 0.750000 1.000000 0
0 113.370354 103.331627 103.524216 0.949033 0.067686 0
0 100.502098 87.161652 103.524216 0.898067 0.135372 0
0 113.370354 75.558922 103.524216 0.949033 0.183939 0
0 126.238617 119.501625 103.524216 1.000000 0.000000 0
0 113.370354 -78.235779 103.524216 0.949033 0.827708 0
0 59.100945 -65.929977 94.271439 0.700547 0.741026 0
0 -61.119278 -65.929977 94.271439 0.278782 0.741026 0
0 100.502098 61.478416 103.524216 0.898067 0.242879 0
0 100.502098 -2.729659 103.524216 0.898067 0.511647 0
0 99.174339 55.737099 94.271439 0.841135 0.289911 0
0 99.174339 -5.096423 94.271439 0.841135 0.515468 0
0 -68.683334 87.161652 103.524216 0.227982 0.135372 0
0 66.665009 87.161652 103.524216 0.764050 0.135372 0
0 -102.520432 61.478416 103.524216 0.093965 0.242879 0
0 -61.119278 86.153831 94.271439 0.278782 0.177132 0
0 59.100945 86.153831 94.271439 0.700547 0.177132 0
0 99.174339 86.153831 94.271439 0.841135 0.177132 0
0 83.583519 87.161652 103.524216 0.831058 0.135372 0
0 -101.192680 86.153831 94.271439 0.138194 0.177132 0
0 -101.192680 70.945488 94.271439 0.138194 0.233521 0
0 99.174339 -65.929977 94.271439 0.841135 0.741026 0
0 100.502098 -66.937782 103.524216 0.898067 0.780416 0
0 100.502098 -54.096157 103.524216 0.898067 0.726662 0
0 49.111111 -93.166870 103.524216 0.694525 0.890208 0
0 81.809883 -93.166870 103.524216 0.824033 0.890208 0
0 83.583519 -66.937782 103.524216 0.831058 0.780416 0
0 79.137650 -65.929977 94.271439 0.770841 0.741026 0
0 -81.155983 -65.929977 94.271439 0.208488 0.741026 0
0 -94.684639 -119.395981 103.524216 0.125000 1.000000 0
0 -102.520432 74.320038 103.524216 0.093965 0.189125 0
0 31.557211 -119.395981 103.524216 0.625000 1.000000 0
0 -102.520432 -41.254524 103.524216 0.093965 0.672908 0
0 -108.451599 -53.324345 103.524216 0.070474 0.723431 0
0 79.137650 86.153831 94.271439 0.770841 0.177132 0
0 80.671570 103.331627 103.524216 0.819525 0.067686 0
0 -85.601891 87.161652 103.524216 0.160974 0.135372 0
0 99.174339 -50.721581 94.271439 0.841135 0.684637 0
0 100.502098 -41.254524 103.524216 0.898067 0.672908 0
0 113.370354 -7.759215 103.524216 0.949033 0.532700 0
0 100.502098 74.320038 103.524216 0.898067 0.189125 0
0 -81.155983 86.153831 94.271439 0.208488 0.177132 0
0 -101.192680 -50.721581 94.271439 0.138194 0.684637 0
0 99.174339 70.945488 94.271439 0.841135 0.233521 0
0 -63.124180 -119.395981 103.524216 0.250000 1.000000 0
0 31.557211 -119.395981 103.524216 0.625000 1.000000 0
0 113.370354 -50.463020 103.524216 0.949033 0.711454 0
0 100.502098 -15.571279 103.524216 0.898067 0.565401 0
0 99.174339 -35.513203 94.271439 0.841135 0.628247 0
0 -0.003255 66.009377 -111.453094 0.500000 0.000000 0
0 -79.513390 77.149529 -67.494797 0.000000 0.250000 0
0 34.533802 66.009377 -111.453094 0.750000 0.000000 0
0 79.506882 77.149529 -67.494797 1.000000 0.250000 0
0 -126.245110 119.501625 103.524216 0.000000 1.000000 0
0 126.238617 119.501625 40.403271 1.000000 0.750000 0
0 -126.245110 119.501625 40.403271 0.000000 0.750000 0
0 126.238617 119.501625 103.524216 1.000000 1.000000 0
0 91.519669 88.995842 -13.659981 1.000000 0.500000 0
0 -91.526138 88.995842 -13.659981 0.000000 0.500000 0
0 69.070862 66.009377 -111.453094 1.000000 0.000000 0
0 -69.077370 66.009377 -111.453094 0.000000 0.000000 0
0 -34.540310 66.009377 -111.453094 0.250000 0.000000 0
0 -91.526138 -104.446251 -13.659981 0.000000 0.500000 0
0 -79.513390 -92.599976 -67.494797 0.000000 0.750000 0
0 91.519669 -104.446251 -13.659981 1.000000 0.500000 0
0 79.506882 -92.599976 -67.494797 1.000000 0.750000 0
0 -126.245110 -119.395981 103.524216 0.000000 0.000000 0
0 -126.245110 -119.395981 40.403271 0.000000 0.250000 0
0 126.238617 -119.395981 103.524216 1.000000 0.000000 0
0 126.238617 -119.395981 40.403271 1.000000 0.250000 0
0 -0.003255 -81.459808 -111.453094 0.500000 1.000000 0
0 34.533802 -81.459808 -111.453094 0.750000 1.000000 0
0 -69.077370 -81.459808 -111.453094 0.000000 1.000000 0
0 -34.540310 -81.459808 -111.453094 0.250000 1.000000 0
0 69.070862 -81.459808 -111.453094 1.000000 1.000000 0
0 -91.526138 -104.446251 -13.659981 0.500000 1.000000 0
0 -79.513390 77.149529 -67.494797 0.250000 0.000000 0
0 -79.513390 -92.599976 -67.494797 0.250000 1.000000 0
0 -69.077370 -44.592518 -111.453094 0.000000 0.750000 0
0 -126.245110 119.501625 103.524216 1.000000 0.000000 0
0 -126.245110 59.777252 40.403271 0.750000 0.250000 0
0 -126.245110 -119.395981 103.524216 1.000000 1.000000 0
0 -126.245110 -119.395981 40.403271 0.750000 1.000000 0
0 -91.526138 88.995842 -13.659981 0.500000 0.000000 0
0 -69.077370 -81.459808 -111.453094 0.000000 1.000000 0
0 -69.077370 29.142078 -111.453094 0.000000 0.250000 0
0 -69.077370 -7.725217 -111.453094 0.000000 0.500000 0
0 -69.077370 66.009377 -111.453094 0.000000 0.000000 0
0 -126.245110 119.501625 40.403271 0.750000 0.000000 0
0 69.070862 66.009377 -111.453094 1.000000 0.000000 0
0 79.506882 77.149529 -67.494797 0.750000 0.000000 0
0 69.070862 29.142078 -111.453094 1.000000 0.250000 0
0 91.519669 -104.446251 -13.659981 0.500000 1.000000 0
0 79.506882 -92.599976 -67.494797 0.750000 1.000000 0
0 126.238617 119.501625 103.524216 0.000000 0.000000 0
0 126.238617 -59.671555 40.403271 0.250000 0.750000 0
0 126.238617 119.501625 40.403271 0.250000 0.000000 0
0 126.238617 -119.395981 103.524216 0.000000 1.000000 0
0 91.519669 88.995842 -13.659981 0.500000 0.000000 0
0 69.070862 -81.459808 -111.453094 1.000000 1.000000 0
0 69.070862 -44.592518 -111.453094 1.000000 0.750000 0
0 69.070862 -7.725217 -111.453094 1.000000 0.500000 0
0 126.238617 -119.395981 40.403271 0.250000 1.000000 0
66
0.000000 0.000000 -1.000000
0.000000 0.000000 1.000000
0.154525 0.155190 0.975724
0.221155 -0.222107 0.949610
0.000000 0.667728 0.744405
0.000000 0.738262 0.674514
0.000000 0.852991 0.521925
0.877105 0.000000 0.480298
0.989861 0.000000 0.142043
0.989861 0.000000 0.142043
0.694616 0.697605 0.175658
0.000000 0.000000 0.000000
-0.221155 -0.222107 0.949610
0.000000 0.994121 0.108279
-0.877105 0.000000 0.480299
-0.516272 0.000000 0.856425
-0.989860 0.000000 0.142043
-0.989860 0.000000 0.142043
0.000000 -0.890371 0.455235
0.000000 -0.756928 0.653499
0.838973 0.000000 0.544174
0.000000 -0.994120 0.108280
-0.694616 -0.697605 0.175660
0.000000 -0.667727 0.744406
0.694616 -0.697605 0.175659
-0.694616 0.697605 0.175659
-0.221155 0.222107 0.949610
-0.654964 0.000000 0.755660
0.000000 0.994121 0.108279
0.654965 0.000000 0.755660
-0.742858 0.000000 0.669449
-0.774408 0.000000 0.632687
0.000000 0.969356 -0.245660
0.000000 0.970889 -0.239528
0.000000 0.969356 -0.245660
0.000000 0.973117 -0.230312
0.000000 1.000000 0.000000
0.000000 0.985664 -0.168720
0.000000 0.941347 -0.337439
0.000000 0.915112 -0.403199
0.000000 0.950699 -0.310115
0.000000 0.969356 -0.245660
0.000000 -0.968402 -0.249395
0.000000 -0.972384 -0.233387
0.000000 -0.972672 -0.232185
0.000000 -0.971267 -0.237994
0.000000 -1.000000 0.000000
0.000000 -0.995981 -0.089563
0.000000 -0.983826 -0.179126
0.000000 -0.969356 -0.245660
0.000000 -0.969356 -0.245660
-0.922918 0.000000 -0.384998
-0.973990 0.000000 -0.226591
-0.972957 0.000000 -0.230987
-1.000000 0.000000 0.000000
-0.959540 0.000000 -0.281573
-0.959540 0.000000 -0.281573
-0.898568 0.000000 -0.438833
0.972957 0.000000 -0.230987
0.974499 0.000000 -0.224391
0.922917 0.000000 -0.384998
0.973579 0.000000 -0.228350
1.000000 0.000000 0.000000
0.959540 0.000000 -0.281573
0.959540 0.000000 -0.281573
0.898568 0.000000 -0.438833
166
0 0 1 2 0 0 0 1
0 3 4 5 0 0 0 1
0 2 1 6 0 0 0 1
0 7 5 1 0 0 0 1
0 8 5 7 0 0 0 1
0 5 6 1 0 0 0 1
0 9 10 4 0 0 0 1
0 10 5 4 0 0 0 1
0 11 12 13 0 0 0 1
0 12 1 13 0 0 0 1
0 14 8 7 0 0 0 1
0 8 3 5 0 0 0 1
0 15 2 6 0 0 0 1
0 0 13 1 0 0 0 1
0 16 17 18 1 1 2 1
0 19 20 21 1 1 1 1
0 22 16 21 1 1 1 1
0 23 24 25 1 1 3 1
0 22 26 16 1 1 1 1
0 16 19 21 1 1 1 1
0 17 27 18 1 4 2 1
0 17 28 29 1 5 6 1
0 20 30 21 1 1 1 1
0 31 32 33 7 8 9 1
0 34 35 31 8 10 7 1
0 34 18 35 8 2 10 1
0 36 37 38 11 1 1 1
0 39 40 41 1 12 1 1
0 42 24 23 1 1 1 1
0 37 43 38 1 1 1 1
0 37 39 41 1 1 1 1
0 28 44 45 5 13 13 1
0 41 46 47 1 14 15 1
0 46 48 49 14 16 17 1
0 23 50 51 1 18 19 1
0 33 52 31 9 20 7 1
0 53 54 50 21 21 18 1
0 45 29 28 13 6 5 1
0 35 18 27 10 2 4 1
0 55 40 56 22 12 23 1
0 57 52 58 24 20 8 1
0 59 60 61 25 26 27 1
0 62 63 28 1 1 5 1
0 60 64 63 26 4 1 1
0 60 59 64 26 25 4 1
0 59 65 28 25 28 5 1
0 35 29 66 10 6 13 1
0 67 17 16 1 1 1 1
0 25 68 57 3 29 24 1
0 25 24 30 3 1 1 1
0 69 38 62 1 1 1 1
0 18 19 16 2 1 1 1
0 18 20 19 2 1 1 1
0 20 31 30 1 7 1 1
0 70 71 18 1 1 2 1
0 52 30 31 20 1 7 1
0 68 25 30 29 3 1 1
0 54 51 50 21 19 18 1
0 72 55 51 21 22 19 1
0 73 23 51 1 1 19 1
0 73 42 23 1 1 1 1
0 25 74 23 3 23 1 1
0 25 57 74 3 24 23 1
0 49 47 46 17 15 14 1
0 75 59 76 16 25 30 1
0 77 41 47 1 1 15 1
0 77 37 41 1 1 1 1
0 40 78 41 12 27 1 1
0 40 55 78 12 22 27 1
0 57 79 50 24 21 18 1
0 35 80 31 10 8 7 1
0 55 81 46 22 16 14 1
0 17 62 28 1 1 5 1
0 82 17 67 1 1 1 1
0 82 62 17 1 1 1 1
0 83 62 82 1 1 1 1
0 63 38 43 1 1 1 1
0 38 63 62 1 1 1 1
0 60 84 61 26 1 27 1
0 60 63 43 26 1 1 1
0 40 73 56 12 1 23 1
0 40 39 73 12 1 1 1
0 56 51 55 23 19 22 1
0 56 73 51 23 1 19 1
0 74 50 23 23 18 1 1
0 74 57 50 23 24 18 1
0 64 28 63 4 5 1 1
0 64 59 28 4 25 5 1
0 27 29 35 4 6 10 1
0 27 17 29 4 1 6 1
0 78 46 41 27 14 1 1
0 78 55 46 27 22 14 1
0 68 52 57 29 20 24 1
0 68 30 52 29 1 20 1
0 61 76 59 27 30 25 1
0 61 84 76 27 1 30 1
0 21 24 42 1 1 1 1
0 21 30 24 1 1 1 1
0 71 20 18 1 1 2 1
0 84 43 37 1 1 1 1
0 84 60 43 1 26 1 1
0 42 39 37 1 1 1 1
0 42 73 39 1 1 1 1
0 76 85 86 30 31 16 1
0 76 77 85 30 1 31 1
0 75 76 86 16 30 16 1
0 81 48 46 16 16 14 1
0 58 52 33 8 20 9 1
0 72 51 54 21 19 21 1
0 79 53 50 21 21 18 1
0 66 29 45 13 6 13 1
0 65 44 28 28 13 5 1
0 80 32 31 8 8 7 1
0 84 77 76 1 1 30 1
0 84 37 77 1 1 1 1
0 86 85 49 16 31 17 1
0 85 47 49 31 15 17 1
0 85 77 47 31 1 15 1
0 87 88 89 32 33 34 1
0 89 88 90 34 33 35 1
0 91 92 93 36 37 38 1
0 94 92 91 36 37 36 1
0 93 95 96 38 39 40 1
0 92 95 93 37 39 38 1
0 96 90 88 40 35 33 1
0 95 90 96 39 35 40 1
0 97 89 90 41 34 35 1
0 98 88 99 41 33 34 1
0 99 88 87 34 33 32 1
0 100 101 102 42 43 44 1
0 103 102 101 45 44 43 1
0 104 105 106 46 47 46 1
0 106 105 107 46 47 48 1
0 107 100 102 48 42 44 1
0 105 100 107 47 42 48 1
0 108 103 101 49 45 43 1
0 109 103 108 50 45 49 1
0 110 111 101 50 50 43 1
0 112 103 109 50 45 50 1
0 108 101 111 49 43 50 1
0 113 114 115 51 52 52 1
0 115 114 116 52 52 53 1
0 117 118 119 54 55 54 1
0 119 118 120 54 55 56 1
0 118 121 113 55 57 51 1
0 120 118 113 56 55 51 1
0 121 114 113 57 52 51 1
0 122 115 116 53 52 53 1
0 123 124 114 53 53 52 1
0 125 123 114 53 53 52 1
0 116 114 124 53 52 53 1
0 126 118 117 56 55 54 1
0 126 121 118 56 57 55 1
0 127 128 129 58 59 58 1
0 130 131 128 60 61 59 1
0 132 133 134 62 63 64 1
0 135 133 132 62 63 62 1
0 134 133 136 64 63 65 1
0 133 130 136 63 60 65 1
0 136 130 128 65 60 59 1
0 129 128 131 58 59 61 1
0 137 138 131 58 58 61 1
0 139 131 138 58 61 58 1
0 129 131 139 58 61 58 1
0 140 133 135 63 63 62 1
0 140 130 133 63 60 63 1
"Duplicate02" 0 6
90
0 101.831497 -151.428040 0.003350 0.000000 0.000000 0
0 88.188652 -151.428040 50.919090 0.000000 0.000000 0
0 0.000000 -151.428040 0.003350 0.000000 0.000000 0
0 36.227390 -108.776779 0.003350 0.000000 0.000000 0
0 0.000000 -108.776779 0.003350 0.000000 0.000000 0
0 31.373802 -108.776779 18.117025 0.000000 0.000000 0
0 101.831497 -151.428040 0.003350 0.000000 1.000000 0
0 55.216244 -131.692551 0.003350 0.000000 0.750000 0
0 47.818649 -131.692551 27.611458 0.083333 0.750000 0
0 88.188652 -151.428040 50.919090 0.083333 1.000000 0
0 40.252655 -120.848351 0.003350 0.000000 0.500000 0
0 34.859787 -120.848351 20.129658 0.083333 0.500000 0
0 36.227390 -114.342552 0.003350 0.000000 0.250000 0
0 31.373802 -114.342552 18.117025 0.083333 0.250000 0
0 31.373802 -108.776779 18.117025 0.083333 0.000000 0
0 50.915749 -151.428040 88.192009 0.000000 0.000000 0
0 18.113668 -108.776779 31.377163 0.000000 0.000000 0
0 50.915749 -151.428040 88.192009 0.166667 1.000000 0
0 27.608122 -131.692551 47.822002 0.166667 0.750000 0
0 20.126305 -120.848351 34.863140 0.166667 0.500000 0
0 18.113668 -114.342552 31.377163 0.166667 0.250000 0
0 18.113668 -108.776779 31.377163 0.166667 0.000000 0
0 0.000000 -151.428040 101.834839 0.000000 0.000000 0
0 0.000000 -108.776779 36.230705 0.000000 0.000000 0
0 0.000000 -131.692551 55.219570 0.250000 0.750000 0
0 0.000000 -151.428040 101.834839 0.250000 1.000000 0
0 0.000000 -120.848351 40.255966 0.250000 0.500000 0
0 0.000000 -114.342552 36.230705 0.250000 0.250000 0
0 0.000000 -108.776779 36.230705 0.250000 0.000000 0
0 -50.915749 -151.428040 88.192009 0.000000 0.000000 0
0 -18.113703 -108.776779 31.377163 0.000000 0.000000 0
0 -50.915749 -151.428040 88.192009 0.333333 1.000000 0
0 -27.608137 -131.692551 47.822002 0.333333 0.750000 0
0 -20.126335 -120.848351 34.863140 0.333333 0.500000 0
0 -18.113703 -114.342552 31.377163 0.333333 0.250000 0
0 -18.113703 -108.776779 31.377163 0.333333 0.000000 0
0 -88.188652 -151.428040 50.919094 0.000000 0.000000 0
0 -31.373802 -108.776779 18.117029 0.000000 0.000000 0
0 -47.818649 -131.692551 27.611462 0.416667 0.750000 0
0 -88.188652 -151.428040 50.919094 0.416667 1.000000 0
0 -34.859787 -120.848351 20.129662 0.416667 0.500000 0
0 -31.373802 -114.342552 18.117029 0.416667 0.250000 0
0 -31.373802 -108.776779 18.117029 0.416667 0.000000 0
0 -101.831497 -151.428040 0.003341 0.000000 0.000000 0
0 -36.227375 -108.776779 0.003347 0.000000 0.000000 0
0 -101.831497 -151.428040 0.003341 0.500000 1.000000 0
0 -55.216244 -131.692551 0.003345 0.500000 0.750000 0
0 -40.252640 -120.848351 0.003346 0.500000 0.500000 0
0 -36.227375 -114.342552 0.003347 0.500000 0.250000 0
0 -36.227375 -108.776779 0.003347 0.500000 0.000000 0
0 -88.188652 -151.428040 -50.912392 0.000000 0.000000 0
0 -31.373802 -102.996216 -19.810492 0.000000 0.000000 0
0 -47.818649 -131.692551 -27.604759 0.583333 0.750000 0
0 -88.188652 -151.428040 -50.912392 0.583333 1.000000 0
0 -34.859787 -120.848351 -20.122959 0.583333 0.500000 0
0 -31.373802 -114.342552 -18.110329 0.583333 0.250000 0
0 -31.373802 -102.996216 -19.810492 0.583333 0.000000 0
0 -50.915749 -151.428040 -88.185303 0.000000 0.000000 0
0 -18.113703 -98.915802 -33.750690 0.000000 0.000000 0
0 -50.915749 -151.428040 -88.185303 0.666667 1.000000 0
0 -27.608137 -131.692551 -47.815300 0.666667 0.750000 0
0 -20.126335 -120.848351 -34.856441 0.666667 0.500000 0
0 -18.113703 -114.342552 -31.370462 0.666667 0.250000 0
0 -18.113703 -98.915802 -33.750690 0.666667 0.000000 0
0 0.000000 -151.428040 -101.828133 0.000000 0.000000 0
0 0.000000 -98.915802 -38.604233 0.000000 0.000000 0
0 0.000000 -131.692551 -55.212868 0.750000 0.750000 0
0 0.000000 -151.428040 -101.828133 0.750000 1.000000 0
0 0.000000 -120.848351 -40.249271 0.750000 0.500000 0
0 0.000000 -114.342552 -36.224007 0.750000 0.250000 0
0 0.000000 -98.915802 -38.604233 0.750000 0.000000 0
0 50.915749 -151.428040 -88.185303 0.000000 0.000000 0
0 18.113668 -98.915802 -33.750690 0.000000 0.000000 0
0 50.915749 -151.428040 -88.185303 0.833333 1.000000 0
0 27.608122 -131.692551 -47.815300 0.833333 0.750000 0
0 20.126305 -120.848351 -34.856441 0.833333 0.500000 0
0 18.113668 -114.342552 -31.370462 0.833333 0.250000 0
0 18.113668 -98.915802 -33.750690 0.833333 0.000000 0
0 88.188652 -151.428040 -50.912415 0.000000 0.000000 0
0 31.373802 -102.996216 -19.810501 0.000000 0.000000 0
0 47.818634 -131.692551 -27.604773 0.916667 0.750000 0
0 88.188652 -151.428040 -50.912415 0.916667 1.000000 0
0 34.859787 -120.848351 -20.122971 0.916667 0.500000 0
0 31.373802 -114.342552 -18.110338 0.916667 0.250000 0
0 31.373802 -102.996216 -19.810501 0.916667 0.000000 0
0 101.831497 -151.428040 0.003350 1.000000 1.000000 0
0 55.216244 -131.692551 0.003350 1.000000 0.750000 0
0 40.252655 -120.848351 0.003350 1.000000 0.500000 0
0 36.227390 -114.342552 0.003350 1.000000 0.250000 0
0 36.227390 -108.776779 0.003350 1.000000 0.000000 0
70
0.000000 -1.000000 0.000000
0.000000 0.989944 0.141456
-0.000000 0.990720 0.135920
0.000000 1.000000 0.000000
0.389869 0.920870 -0.000000
0.491156 0.871072 -0.000000
0.425353 0.871072 0.245578
0.337636 0.920870 0.194934
0.731574 0.681762 0.000000
0.633562 0.681762 0.365788
0.961506 0.274785 0.000000
0.832688 0.274785 0.480754
0.999950 -0.009611 0.002806
0.866025 0.000000 0.500001
0.194934 0.920870 0.337636
0.245578 0.871072 0.425353
0.365787 0.681762 0.633562
0.480753 0.274785 0.832688
0.500000 0.000000 0.866025
0.000000 0.871072 0.491156
0.000000 0.920870 0.389869
0.000000 0.681762 0.731575
0.000000 0.274785 0.961506
0.000000 0.000000 1.000000
-0.194934 0.920870 0.337636
-0.245578 0.871072 0.425353
-0.365787 0.681762 0.633562
-0.480753 0.274785 0.832688
-0.500000 0.000000 0.866025
-0.425353 0.871072 0.245578
-0.337636 0.920870 0.194934
-0.633562 0.681762 0.365787
-0.832688 0.274785 0.480753
-0.866025 0.000000 0.500000
-0.000000 0.989944 0.141457
-0.389869 0.920870 -0.000000
-0.491156 0.871072 -0.000000
-0.731574 0.681762 -0.000000
-0.961506 0.274785 -0.000000
-0.999950 -0.009611 0.002806
-0.000183 0.959902 0.280335
-0.425353 0.871072 -0.245578
-0.337636 0.920870 -0.194934
-0.633562 0.681762 -0.365787
-0.840973 0.243775 -0.483052
-0.867368 -0.073748 -0.492172
0.032923 0.963974 0.263950
-0.194934 0.920870 -0.337636
-0.245578 0.871072 -0.425353
-0.365787 0.681762 -0.633562
-0.489089 0.210657 -0.846414
-0.496814 -0.131549 -0.857829
-0.000000 0.968895 0.247471
0.000000 0.871072 -0.491156
0.000000 0.920870 -0.389869
0.000000 0.681762 -0.731574
0.000000 0.200703 -0.979652
0.000000 -0.152488 -0.988305
-0.032923 0.963974 0.263950
0.194934 0.920870 -0.337636
0.245578 0.871072 -0.425353
0.365787 0.681762 -0.633562
0.489088 0.210657 -0.846414
0.496814 -0.131549 -0.857829
0.000183 0.959902 0.280335
0.425353 0.871072 -0.245578
0.337636 0.920871 -0.194934
0.633562 0.681762 -0.365788
0.840972 0.243775 -0.483052
0.867368 -0.073748 -0.492173
120
0 0 1 2 0 0 0 2
0 3 4 5 1 2 3 2
0 6 7 8 4 5 6 1
0 6 8 9 4 6 7 1
0 7 10 8 5 8 6 1
0 10 11 8 8 9 6 1
0 10 12 13 8 10 11 1
0 10 13 11 8 11 9 1
0 12 3 13 10 12 11 1
0 3 14 13 12 13 11 1
0 1 15 2 0 0 0 2
0 5 4 16 3 2 3 2
0 9 8 17 7 6 14 1
0 8 18 17 6 15 14 1
0 8 11 19 6 9 16 1
0 8 19 18 6 16 15 1
0 11 13 19 9 11 16 1
0 13 20 19 11 17 16 1
0 13 14 21 11 13 18 1
0 13 21 20 11 18 17 1
0 15 22 2 0 0 0 2
0 16 4 23 3 2 3 2
0 17 18 24 14 15 19 1
0 17 24 25 14 19 20 1
0 18 19 24 15 16 19 1
0 19 26 24 16 21 19 1
0 19 20 27 16 17 22 1
0 19 27 26 16 22 21 1
0 20 21 27 17 18 22 1
0 21 28 27 18 23 22 1
0 22 29 2 0 0 0 2
0 23 4 30 3 2 3 2
0 25 24 31 20 19 24 1
0 24 32 31 19 25 24 1
0 24 26 33 19 21 26 1
0 24 33 32 19 26 25 1
0 26 27 33 21 22 26 1
0 27 34 33 22 27 26 1
0 27 28 35 22 23 28 1
0 27 35 34 22 28 27 1
0 29 36 2 0 0 0 2
0 30 4 37 3 2 3 2
0 31 32 38 24 25 29 1
0 31 38 39 24 29 30 1
0 32 33 38 25 26 29 1
0 33 40 38 26 31 29 1
0 33 34 41 26 27 32 1
0 33 41 40 26 32 31 1
0 34 35 41 27 28 32 1
0 35 42 41 28 33 32 1
0 36 43 2 0 0 0 2
0 37 4 44 3 2 34 2
0 39 38 45 30 29 35 1
0 38 46 45 29 36 35 1
0 38 40 47 29 31 37 1
0 38 47 46 29 37 36 1
0 40 41 47 31 32 37 1
0 41 48 47 32 38 37 1
0 41 42 49 32 33 39 1
0 41 49 48 32 39 38 1
0 43 50 2 0 0 0 2
0 44 4 51 34 2 40 2
0 45 46 52 35 36 41 1
0 45 52 53 35 41 42 1
0 46 47 52 36 37 41 1
0 47 54 52 37 43 41 1
0 47 48 55 37 38 44 1
0 47 55 54 37 44 43 1
0 48 49 55 38 39 44 1
0 49 56 55 39 45 44 1
0 50 57 2 0 0 0 2
0 51 4 58 40 2 46 2
0 53 52 59 42 41 47 1
0 52 60 59 41 48 47 1
0 52 54 61 41 43 49 1
0 52 61 60 41 49 48 1
0 54 55 61 43 44 49 1
0 55 62 61 44 50 49 1
0 55 56 63 44 45 51 1
0 55 63 62 44 51 50 1
0 57 64 2 0 0 0 2
0 58 4 65 46 2 52 2
0 59 60 66 47 48 53 1
0 59 66 67 47 53 54 1
0 60 61 66 48 49 53 1
0 61 68 66 49 55 53 1
0 61 62 69 49 50 56 1
0 61 69 68 49 56 55 1
0 62 63 69 50 51 56 1
0 63 70 69 51 57 56 1
0 64 71 2 0 0 0 2
0 65 4 72 52 2 58 2
0 67 66 73 54 53 59 1
0 66 74 73 53 60 59 1
0 66 68 75 53 55 61 1
0 66 75 74 53 61 60 1
0 68 69 75 55 56 61 1
0 69 76 75 56 62 61 1
0 69 70 77 56 57 63 1
0 69 77 76 56 63 62 1
0 71 78 2 0 0 0 2
0 72 4 79 58 2 64 2
0 73 74 80 59 60 65 1
0 73 80 81 59 65 66 1
0 74 75 80 60 61 65 1
0 75 82 80 61 67 65 1
0 75 76 83 61 62 68 1
0 75 83 82 61 68 67 1
0 76 77 83 62 63 68 1
0 77 84 83 63 69 68 1
0 78 0 2 0 0 0 2
0 79 4 3 64 2 1 2
0 81 80 85 66 65 4 1
0 80 86 85 65 5 4 1
0 80 82 87 65 67 8 1
0 80 87 86 65 8 5 1
0 82 83 87 67 68 8 1
0 83 88 87 68 10 8 1
0 83 84 89 68 69 12 1
0 83 89 88 68 12 10 1

Materials: 7
"glass"
0.200000 0.200000 0.200000 1.000000
0.800000 0.800000 0.800000 1.000000
0.000000 0.000000 0.000000 1.000000
0.000000 0.000000 0.000000 1.000000
0.000000
1.000000
"tex\bubble sphere.png"
""
"front"
0.200000 0.200000 0.200000 1.000000
0.800000 0.800000 0.800000 1.000000
0.000000 0.000000 0.000000 1.000000
0.000000 0.000000 0.000000 1.000000
0.000000
1.000000
"tex\montsu_vanha.png"
""
"side"
0.200000 0.200000 0.200000 1.000000
0.800000 0.800000 0.800000 1.000000
0.000000 0.000000 0.000000 1.000000
0.000000 0.000000 0.000000 1.000000
0.000000
1.000000
"tex\montsu_sivu.png"
""
"top"
0.200000 0.200000 0.200000 1.000000
0.800000 0.800000 0.800000 1.000000
0.000000 0.000000 0.000000 1.000000
0.000000 0.000000 0.000000 1.000000
0.000000
1.000000
"tex\montsu_sivu.png"
""
"back"
0.200000 0.200000 0.200000 1.000000
0.800000 0.800000 0.800000 1.000000
0.000000 0.000000 0.000000 1.000000
0.000000 0.000000 0.000000 1.000000
0.000000
1.000000
"tex\montsu_sivu.png"
""
"foot"
0.200000 0.200000 0.200000 1.000000
0.800000 0.800000 0.800000 1.000000
0.000000 0.000000 0.000000 1.000000
0.000000 0.000000 0.000000 1.000000
0.000000
1.000000
"tex\montsu_sivu.png"
""
"shine"
0.200000 0.200000 0.200000 1.000000
0.800000 0.800000 0.800000 1.000000
0.000000 0.000000 0.000000 1.000000
0.000000 0.000000 0.000000 1.000000
0.000000
1.000000
"tex\ball sphere.png"
""

Bones: 1
"joint1"
""
21 0.000000 0.000000 0.000000 0.000000 -0.000000 0.000000
10
0.000000 0.000000 0.000000 0.000000
1.000000 0.000000 0.000000 0.000000
3.000000 0.000000 0.000000 0.000000
4.000000 0.000000 0.000000 0.000000
5.000000 0.000000 0.000000 0.000000
6.000000 0.000000 0.000000 0.000000
7.000000 0.000000 0.000000 0.000000
8.000000 0.000000 0.000000 0.000000
9.000000 0.000000 0.000000 0.000000
10.000000 0.000000 0.000000 0.000000
10
0.000000 0.000000 -0.000000 0.000000
1.000000 0.000000 -0.000000 0.000000
3.000000 0.000000 -0.000000 0.000000
4.000000 0.000000 -0.000000 0.000000
5.000000 0.000000 -0.000000 0.000000
6.000000 0.000000 -0.000000 0.000000
7.000000 0.000000 -0.000000 0.000000
8.000000 0.000000 -0.000000 0.000000
9.000000 0.000000 -0.000000 0.000000
10.000000 0.000000 -0.000000 0.000000
GroupComments: 0
MaterialComments: 0
BoneComments: 0
ModelComment: 0
