// MilkShape 3D ASCII

Frames: 30
Frame: 1

Meshes: 1
"Model" 1 0
444
1 3.346498 30.388960 8.893041 0.125000 0.875000 -1
1 -2.383606 31.214951 5.662766 0.166667 0.937500 -1
1 0.865998 29.951580 10.825759 0.166667 0.875000 -1
1 -1.119059 31.437923 4.677476 0.125000 0.937500 -1
1 5.249854 30.724573 6.374274 0.083333 0.875000 -1
1 -0.148737 31.609018 3.393420 0.083333 0.937500 -1
1 6.446354 30.935547 3.441109 0.041667 0.875000 -1
1 0.461234 31.716572 1.898105 0.041667 0.937500 -1
1 6.854457 31.007507 0.293435 -0.000000 0.875000 -1
1 6.854457 31.007507 0.293435 0.000000 0.875000 -1
1 0.669283 31.753256 0.293435 0.000000 0.937500 -1
1 6.854457 31.007507 0.293435 1.000000 0.875000 -1
1 6.446354 30.935549 -2.854242 0.958333 0.875000 -1
1 0.669283 31.753256 0.293435 1.000000 0.937500 -1
1 12.182819 28.964951 -4.276282 0.958333 0.812500 -1
1 10.445772 28.658663 -8.534577 0.916667 0.812500 -1
1 15.239344 25.490677 -10.942492 0.916667 0.750000 -1
1 11.722403 24.870546 -15.596566 0.875000 0.750000 -1
1 15.310869 20.613167 -18.391230 0.875000 0.687500 -1
1 19.446356 21.342365 -12.918620 0.916667 0.687500 -1
1 18.310024 15.562898 -20.467855 0.875000 0.625000 -1
1 22.905130 16.373138 -14.387013 0.916667 0.625000 -1
1 22.046032 21.800758 -6.545630 0.958333 0.687500 -1
1 25.793736 16.882477 -7.305727 0.958333 0.625000 -1
1 22.932732 21.957106 0.293435 1.000000 0.687500 -1
1 26.778986 17.056204 0.293434 1.000000 0.625000 -1
1 28.549280 11.314676 -7.773792 0.958333 0.562500 -1
1 29.595217 11.499103 0.293434 1.000000 0.562500 -1
1 30.206770 5.311321 -7.931839 0.958333 0.500000 -1
1 31.273195 5.499361 0.293434 1.000000 0.500000 -1
1 30.702507 -0.896882 -7.773792 0.958333 0.437500 -1
1 31.748444 -0.712456 0.293433 1.000000 0.437500 -1
1 30.017443 -7.071354 -7.305728 0.958333 0.375000 -1
1 31.002693 -6.897628 0.293433 1.000000 0.375000 -1
1 28.177904 -12.974818 -6.545632 0.958333 0.312500 -1
1 29.064604 -12.818469 0.293433 1.000000 0.312500 -1
1 25.254581 -18.380402 -5.522713 0.958333 0.250000 -1
1 26.008657 -18.247437 0.293433 1.000000 0.250000 -1
1 21.359816 -23.080374 -4.276284 0.958333 0.187500 -1
1 21.952291 -22.975904 0.293433 1.000000 0.187500 -1
1 26.008657 -18.247437 0.293433 0.000000 0.250000 -1
1 25.254581 -18.380402 6.109576 0.041667 0.250000 -1
1 21.952291 -22.975904 0.293433 -0.000000 0.187500 -1
1 28.177904 -12.974819 7.132494 0.041667 0.312500 -1
1 25.578230 -13.433211 13.505486 0.083333 0.312500 -1
1 23.043739 -18.770233 11.529359 0.083333 0.250000 -1
1 21.442741 -14.162411 18.978094 0.125000 0.312500 -1
1 22.533733 -8.390935 21.054720 0.125000 0.375000 -1
1 16.545277 -9.446862 25.720713 0.166667 0.375000 -1
1 16.400532 -3.418708 27.286886 0.166667 0.437500 -1
1 22.757843 -2.297742 22.333498 0.125000 0.437500 -1
1 27.128839 -7.580694 14.973878 0.083333 0.375000 -1
1 30.017443 -7.071355 7.892591 0.041667 0.375000 -1
1 29.064604 -12.818469 0.293433 0.000000 0.312500 -1
1 26.008657 -18.247437 0.293433 -0.000000 0.250000 -1
1 29.064604 -12.818469 0.293433 -0.000000 0.312500 -1
1 29.064604 -12.818469 0.293433 0.000000 0.312500 -1
1 31.002693 -6.897628 0.293433 0.000000 0.375000 -1
1 30.702507 -0.896883 8.360657 0.041667 0.437500 -1
1 31.002693 -6.897628 0.293433 0.000000 0.375000 -1
1 27.635983 -1.437595 15.878111 0.083333 0.437500 -1
1 22.106461 3.883017 22.765287 0.125000 0.500000 -1
1 15.624599 2.740090 27.815722 0.166667 0.500000 -1
1 14.247303 8.792850 27.286886 0.166667 0.562500 -1
1 20.604616 9.913815 22.333498 0.125000 0.562500 -1
1 27.080168 4.760015 16.183435 0.083333 0.500000 -1
1 30.206770 5.311320 8.518703 0.041667 0.500000 -1
1 31.748444 -0.712456 0.293433 0.000000 0.437500 -1
1 31.002693 -6.897628 0.293433 -0.000000 0.375000 -1
1 31.748444 -0.712456 0.293433 -0.000000 0.437500 -1
1 31.748444 -0.712456 0.293433 -0.000000 0.437500 -1
1 31.273195 5.499361 0.293434 -0.000000 0.500000 -1
1 28.549280 11.314675 8.360657 0.041667 0.562500 -1
1 29.595217 11.499103 0.293434 -0.000000 0.562500 -1
1 29.595217 11.499103 0.293434 0.000000 0.562500 -1
1 25.793736 16.882477 7.892591 0.041667 0.625000 -1
1 29.595217 11.499103 0.293434 -0.000000 0.562500 -1
1 26.778986 17.056204 0.293434 -0.000000 0.625000 -1
1 26.778986 17.056204 0.293434 0.000000 0.625000 -1
1 22.046032 21.800756 7.132496 0.041667 0.687500 -1
1 22.932732 21.957106 0.293435 -0.000000 0.687500 -1
1 22.932732 21.957106 0.293435 0.000000 0.687500 -1
1 17.450188 25.880508 6.109578 0.041667 0.750000 -1
1 22.932732 21.957106 0.293435 0.000000 0.687500 -1
1 18.204264 26.013472 0.293435 0.000000 0.750000 -1
1 18.204264 26.013472 0.293435 1.000000 0.750000 -1
1 17.450188 25.880508 -5.522711 0.958333 0.750000 -1
1 12.775295 29.069420 0.293435 1.000000 0.812500 -1
1 12.775295 29.069420 0.293435 0.000000 0.812500 -1
1 12.775295 29.069420 0.293435 0.000000 0.812500 -1
1 12.182819 28.964951 4.863148 0.041667 0.812500 -1
1 10.445772 28.658661 9.121446 0.083333 0.812500 -1
1 7.682530 28.171427 12.778129 0.125000 0.812500 -1
1 4.081401 27.536451 15.583999 0.166667 0.812500 -1
1 -2.022605 29.442242 12.040717 0.208333 0.875000 -1
1 -3.856205 30.955292 6.282147 0.208333 0.937500 -1
1 -5.542533 31.278009 0.293435 0.166667 1.000000 -1
1 -5.542533 31.278009 0.293435 0.125000 1.000000 -1
1 -5.542533 31.278009 0.293435 0.083333 1.000000 -1
1 -5.542533 31.278009 0.293435 0.041667 1.000000 -1
1 -5.542533 31.278009 0.293435 0.000000 1.000000 -1
1 0.461234 31.716572 -1.311236 0.958333 0.937500 -1
1 -5.542533 31.278009 0.293435 0.958333 1.000000 -1
1 5.249854 30.724573 -5.787406 0.916667 0.875000 -1
1 7.682530 28.171429 -12.191260 0.875000 0.812500 -1
1 7.139035 24.062374 -19.167761 0.833333 0.750000 -1
1 9.921400 19.662859 -22.590513 0.833333 0.687500 -1
1 12.321568 14.506971 -25.133846 0.833333 0.625000 -1
1 5.347859 13.277318 -28.067013 0.791667 0.625000 -1
1 3.645226 18.556200 -25.230293 0.791667 0.687500 -1
1 -2.135848 11.957739 -29.067459 0.750000 0.625000 -1
1 -3.089931 17.368610 -26.130671 0.750000 0.687500 -1
1 -9.619560 10.638159 -28.067011 0.708333 0.625000 -1
1 -9.825094 16.181019 -25.230291 0.708333 0.687500 -1
1 -16.593267 9.408505 -25.133846 0.666667 0.625000 -1
1 -16.101263 15.074361 -22.590511 0.666667 0.687500 -1
1 -22.581726 8.352578 -20.467852 0.625000 0.625000 -1
1 -21.490732 14.124052 -18.391228 0.625000 0.687500 -1
1 -27.176832 7.542337 -14.387010 0.583333 0.625000 -1
1 -25.626219 13.394854 -12.918616 0.583333 0.687500 -1
1 -19.574787 19.352007 -15.596564 0.625000 0.750000 -1
1 -14.991421 20.160177 -19.167759 0.666667 0.750000 -1
1 -9.653975 21.101315 -21.412706 0.708333 0.750000 -1
1 -9.112785 25.209961 -16.760971 0.708333 0.812500 -1
1 -4.612492 26.003485 -17.362587 0.750000 0.812500 -1
1 -3.926191 22.111277 -22.178417 0.750000 0.750000 -1
1 1.801590 23.121239 -21.412708 0.791667 0.750000 -1
1 -0.112205 26.797007 -16.760973 0.791667 0.812500 -1
1 -2.022607 29.442242 -11.453846 0.791667 0.875000 -1
1 -5.122459 28.895655 -11.868245 0.750000 0.875000 -1
1 -8.222315 28.349066 -11.453846 0.708333 0.875000 -1
1 -13.306387 24.470516 -14.997128 0.666667 0.812500 -1
1 -16.907515 23.835539 -12.191258 0.625000 0.812500 -1
1 -23.091730 18.731874 -10.942491 0.583333 0.750000 -1
1 -28.225893 12.936460 -6.545625 0.541667 0.687500 -1
1 -25.302568 18.342043 -5.522707 0.541667 0.750000 -1
1 -19.670757 23.348305 -8.534575 0.583333 0.812500 -1
1 -13.591419 27.402348 -8.306171 0.625000 0.875000 -1
1 -11.110920 27.839727 -10.238890 0.666667 0.875000 -1
1 -7.016789 30.397995 -5.695277 0.708333 0.937500 -1
1 -5.436496 30.676643 -5.906536 0.750000 0.937500 -1
1 -3.856205 30.955292 -5.695278 0.791667 0.937500 -1
1 -2.383607 31.214951 -5.075898 0.833333 0.937500 -1
1 -5.542533 31.278009 0.293435 0.791667 1.000000 -1
1 -5.542533 31.278009 0.293435 0.750000 1.000000 -1
1 -5.542533 31.278009 0.293435 0.708333 1.000000 -1
1 -5.542533 31.278009 0.293435 0.666667 1.000000 -1
1 -8.489388 30.138336 -5.075897 0.666667 0.937500 -1
1 -9.753935 29.915361 -4.090607 0.625000 0.937500 -1
1 -15.494774 27.066734 -5.787404 0.583333 0.875000 -1
1 -21.407804 23.042017 -4.276279 0.541667 0.812500 -1
1 -26.056644 18.209080 0.293435 0.500000 0.750000 -1
1 -29.112593 12.780111 0.293435 0.500000 0.687500 -1
1 -31.050684 6.859272 0.293434 0.500000 0.625000 -1
1 -30.065434 7.032999 -7.305722 0.541667 0.625000 -1
1 -30.750498 0.858525 -7.773788 0.541667 0.562500 -1
1 -27.683971 1.399236 -15.291243 0.583333 0.562500 -1
1 -22.805834 2.259384 -21.746628 0.625000 0.562500 -1
1 -16.448523 3.380350 -26.700020 0.666667 0.562500 -1
1 -9.045273 4.685742 -29.813852 0.708333 0.562500 -1
1 -1.100608 6.086601 -30.875923 0.750000 0.562500 -1
1 6.844051 7.487459 -29.813854 0.791667 0.562500 -1
1 14.247301 8.792852 -26.700022 0.833333 0.562500 -1
1 20.604614 9.913817 -21.746632 0.875000 0.562500 -1
1 25.482752 10.773965 -15.291246 0.916667 0.562500 -1
1 27.080166 4.760016 -15.596569 0.916667 0.500000 -1
1 27.635979 -1.437594 -15.291246 0.916667 0.437500 -1
1 27.128838 -7.580693 -14.387015 0.916667 0.375000 -1
1 25.578228 -13.433211 -12.918622 0.916667 0.312500 -1
1 23.043737 -18.770233 -10.942494 0.916667 0.250000 -1
1 19.622768 -23.386663 -8.534579 0.916667 0.187500 -1
1 15.446785 -27.105093 -5.787409 0.916667 0.125000 -1
1 16.643284 -26.894117 -2.854244 0.958333 0.125000 -1
1 17.051388 -26.822159 0.293432 1.000000 0.125000 -1
1 21.952291 -22.975904 0.293433 0.000000 0.187500 -1
1 21.359816 -23.080376 4.863146 0.041667 0.187500 -1
1 17.051388 -26.822159 0.293432 -0.000000 0.125000 -1
1 21.952291 -22.975904 0.293433 -0.000000 0.187500 -1
1 19.622768 -23.386663 9.121444 0.083333 0.187500 -1
1 19.526796 -19.390366 16.183430 0.125000 0.250000 -1
1 16.053274 -15.112719 23.177378 0.166667 0.312500 -1
1 9.571569 -10.676515 28.653879 0.208333 0.375000 -1
1 8.997283 -4.724101 30.400721 0.208333 0.437500 -1
1 8.076315 1.409123 30.990557 0.208333 0.500000 -1
1 6.844056 7.487457 30.400721 0.208333 0.562500 -1
1 5.347863 13.277317 28.653879 0.208333 0.625000 -1
1 12.321569 14.506969 25.720713 0.166667 0.625000 -1
1 18.310026 15.562896 21.054720 0.125000 0.625000 -1
1 25.482754 10.773964 15.878111 0.083333 0.562500 -1
1 22.905132 16.373138 14.973880 0.083333 0.625000 -1
1 19.446358 21.342363 13.505488 0.083333 0.687500 -1
1 15.239346 25.490677 11.529361 0.083333 0.750000 -1
1 18.204264 26.013472 0.293435 -0.000000 0.750000 -1
1 11.722403 24.870544 16.183432 0.125000 0.750000 -1
1 7.139038 24.062374 19.754631 0.166667 0.750000 -1
1 -0.112200 26.797005 17.347843 0.208333 0.812500 -1
1 -5.122459 28.895653 12.455115 0.250000 0.875000 -1
1 -5.436496 30.676643 6.493405 0.250000 0.937500 -1
1 -5.542533 31.278009 0.293435 0.208333 1.000000 -1
1 -5.542533 31.278009 0.293435 0.250000 1.000000 -1
1 -7.016789 30.397995 6.282147 0.291667 0.937500 -1
1 -5.542533 31.278009 0.293435 0.291667 1.000000 -1
1 -8.489388 30.138336 5.662768 0.333333 0.937500 -1
1 -5.542533 31.278009 0.293435 0.333333 1.000000 -1
1 -9.753935 29.915361 4.677476 0.375000 0.937500 -1
1 -5.542533 31.278009 0.293435 0.375000 1.000000 -1
1 -10.724257 29.744268 3.393420 0.416667 0.937500 -1
1 -5.542533 31.278009 0.293435 0.416667 1.000000 -1
1 -11.334229 29.636713 1.898107 0.458333 0.937500 -1
1 -5.542533 31.278009 0.293435 0.458333 1.000000 -1
1 -11.542276 29.600029 0.293435 0.500000 0.937500 -1
1 -5.542533 31.278009 0.293435 0.500000 1.000000 -1
1 -11.334229 29.636713 -1.311236 0.541667 0.937500 -1
1 -5.542533 31.278009 0.293435 0.541667 1.000000 -1
1 -10.724257 29.744268 -2.806550 0.583333 0.937500 -1
1 -5.542533 31.278009 0.293435 0.583333 1.000000 -1
1 -5.542533 31.278009 0.293435 0.625000 1.000000 -1
1 -16.691273 26.855761 -2.854240 0.541667 0.875000 -1
1 -22.000280 22.937548 0.293435 0.500000 0.812500 -1
1 -25.302568 18.342043 6.109580 0.458333 0.750000 -1
1 -28.225893 12.936460 7.132498 0.458333 0.687500 -1
1 -25.626219 13.394853 13.505488 0.416667 0.687500 -1
1 -23.091730 18.731874 11.529363 0.416667 0.750000 -1
1 -21.490732 14.124050 18.978098 0.375000 0.687500 -1
1 -19.574787 19.352005 16.183435 0.375000 0.750000 -1
1 -19.670757 23.348305 9.121448 0.416667 0.812500 -1
1 -21.407804 23.042017 4.863150 0.458333 0.812500 -1
1 -16.691273 26.855759 3.441109 0.458333 0.875000 -1
1 -17.099377 26.783800 0.293435 0.500000 0.875000 -1
1 -15.494774 27.066734 6.374276 0.416667 0.875000 -1
1 -16.907515 23.835539 12.778129 0.375000 0.812500 -1
1 -14.991417 20.160177 19.754631 0.333333 0.750000 -1
1 -13.306387 24.470514 15.583999 0.333333 0.812500 -1
1 -13.591419 27.402348 8.893043 0.375000 0.875000 -1
1 -11.110916 27.839727 10.825759 0.333333 0.875000 -1
1 -9.112783 25.209961 17.347843 0.291667 0.812500 -1
1 -8.222313 28.349066 12.040717 0.291667 0.875000 -1
1 -4.612492 26.003483 17.949459 0.250000 0.812500 -1
1 -3.926190 22.111275 22.765289 0.250000 0.750000 -1
1 -9.653975 21.101313 21.999577 0.291667 0.750000 -1
1 -9.825090 16.181017 25.817160 0.291667 0.687500 -1
1 -3.089930 17.368608 26.717539 0.250000 0.687500 -1
1 3.645231 18.556198 25.817160 0.208333 0.687500 -1
1 1.801592 23.121237 21.999577 0.208333 0.750000 -1
1 9.921402 19.662857 23.177378 0.166667 0.687500 -1
1 15.310869 20.613165 18.978094 0.125000 0.687500 -1
1 -2.135848 11.957736 29.654325 0.250000 0.625000 -1
1 -9.619556 10.638157 28.653879 0.291667 0.625000 -1
1 -16.101263 15.074359 23.177382 0.333333 0.687500 -1
1 -16.593264 9.408504 25.720713 0.333333 0.625000 -1
1 -9.045269 4.685740 30.400721 0.291667 0.562500 -1
1 -1.100608 6.086599 31.462790 0.250000 0.562500 -1
1 -0.023994 -0.019180 32.073433 0.250000 0.500000 -1
1 -8.124302 -1.447483 30.990557 0.291667 0.500000 -1
1 -16.448517 3.380348 27.286890 0.333333 0.562500 -1
1 -22.581722 8.352577 21.054724 0.375000 0.625000 -1
1 -27.176828 7.542336 14.973884 0.416667 0.625000 -1
1 -30.065434 7.032998 7.892593 0.458333 0.625000 -1
1 -30.750498 0.858524 8.360659 0.458333 0.562500 -1
1 -27.683971 1.399235 15.878115 0.416667 0.562500 -1
1 -22.805834 2.259382 22.333498 0.375000 0.562500 -1
1 -15.672590 -2.778450 27.815722 0.333333 0.500000 -1
1 -6.892042 -7.525817 30.400721 0.291667 0.437500 -1
1 1.052620 -6.124959 31.462790 0.250000 0.437500 -1
1 2.087859 -11.996095 29.654325 0.250000 0.375000 -1
1 -5.395850 -13.315675 28.653879 0.291667 0.375000 -1
1 -14.295290 -8.831210 27.286890 0.333333 0.437500 -1
1 -22.154449 -3.921376 22.765287 0.375000 0.500000 -1
1 -27.128155 -4.798375 16.183435 0.416667 0.500000 -1
1 -30.254759 -5.349679 8.518705 0.458333 0.500000 -1
1 -31.796434 0.674098 0.293434 0.500000 0.562500 -1
1 -31.321184 -5.537718 0.293434 0.500000 0.500000 -1
1 -30.254759 -5.349678 -7.931834 0.541667 0.500000 -1
1 -27.128159 -4.798374 -15.596565 0.583333 0.500000 -1
1 -22.154453 -3.921375 -22.178417 0.625000 0.500000 -1
1 -15.672590 -2.778447 -27.228853 0.666667 0.500000 -1
1 -8.124306 -1.447481 -30.403688 0.708333 0.500000 -1
1 -0.023994 -0.019177 -31.486567 0.750000 0.500000 -1
1 8.076311 1.409125 -30.403690 0.791667 0.500000 -1
1 15.624598 2.740092 -27.228855 0.833333 0.500000 -1
1 22.106459 3.883018 -22.178421 0.875000 0.500000 -1
1 22.757841 -2.297741 -21.746632 0.875000 0.437500 -1
1 22.533731 -8.390934 -20.467855 0.875000 0.375000 -1
1 21.442741 -14.162409 -18.391230 0.875000 0.312500 -1
1 19.526796 -19.390364 -15.596568 0.875000 0.250000 -1
1 16.859526 -23.873898 -12.191262 0.875000 0.187500 -1
1 13.543428 -27.440706 -8.306174 0.875000 0.125000 -1
1 9.705945 -29.953720 -4.090610 0.875000 0.062500 -1
1 10.676266 -29.782627 -2.806555 0.916667 0.062500 -1
1 11.286238 -29.675072 -1.311239 0.958333 0.062500 -1
1 11.494286 -29.638388 0.293432 1.000000 0.062500 -1
1 17.051388 -26.822159 0.293432 0.000000 0.125000 -1
1 16.643286 -26.894117 3.441107 0.041667 0.125000 -1
1 11.494286 -29.638388 0.293432 0.000000 0.062500 -1
1 17.051388 -26.822159 0.293432 -0.000000 0.125000 -1
1 15.446785 -27.105093 6.374271 0.083333 0.125000 -1
1 16.859526 -23.873898 12.778127 0.125000 0.187500 -1
1 14.943430 -20.198536 19.754627 0.166667 0.250000 -1
1 9.777103 -16.219378 25.817160 0.208333 0.312500 -1
1 3.041942 -17.406967 26.717539 0.250000 0.312500 -1
1 -3.693217 -18.594559 25.817160 0.291667 0.312500 -1
1 -12.369556 -14.545327 25.720713 0.333333 0.375000 -1
1 -20.652605 -9.952176 22.333498 0.375000 0.437500 -1
1 -25.530745 -10.812324 15.878115 0.416667 0.437500 -1
1 -28.597269 -11.353034 8.360659 0.458333 0.437500 -1
1 -29.643206 -11.537460 0.293433 0.500000 0.437500 -1
1 -28.597269 -11.353033 -7.773788 0.541667 0.437500 -1
1 -25.530745 -10.812322 -15.291243 0.583333 0.437500 -1
1 -20.652605 -9.952174 -21.746628 0.625000 0.437500 -1
1 -14.295294 -8.831208 -26.700020 0.666667 0.437500 -1
1 -6.892046 -7.525815 -29.813852 0.708333 0.437500 -1
1 1.052619 -6.124957 -30.875923 0.750000 0.437500 -1
1 8.997278 -4.724099 -29.813854 0.791667 0.437500 -1
1 16.400528 -3.418706 -26.700022 0.833333 0.437500 -1
1 16.545275 -9.446860 -25.133846 0.833333 0.375000 -1
1 9.571566 -10.676513 -28.067013 0.791667 0.375000 -1
1 2.087859 -11.996093 -29.067459 0.750000 0.375000 -1
1 -5.395854 -13.315673 -28.067011 0.708333 0.375000 -1
1 -12.369560 -14.545326 -25.133846 0.666667 0.375000 -1
1 -18.358019 -15.601254 -20.467852 0.625000 0.375000 -1
1 -22.953125 -16.411495 -14.387012 0.583333 0.375000 -1
1 -25.841726 -16.920834 -7.305723 0.541667 0.375000 -1
1 -26.826977 -17.094561 0.293433 0.500000 0.375000 -1
1 -25.841726 -16.920834 7.892592 0.458333 0.375000 -1
1 -22.953121 -16.411495 14.973882 0.416667 0.375000 -1
1 -18.358015 -15.601254 21.054724 0.375000 0.375000 -1
1 -9.969391 -19.701218 23.177382 0.333333 0.312500 -1
1 -1.849582 -23.159597 21.999573 0.291667 0.250000 -1
1 3.878202 -22.149635 22.765285 0.250000 0.250000 -1
1 9.605986 -21.139671 21.999573 0.208333 0.250000 -1
1 13.258396 -24.508875 15.583997 0.166667 0.187500 -1
1 9.064795 -25.248320 17.347839 0.208333 0.187500 -1
1 4.564504 -26.041842 17.949455 0.250000 0.187500 -1
1 0.064212 -26.835365 17.347839 0.291667 0.187500 -1
1 -7.187025 -24.100733 19.754627 0.333333 0.250000 -1
1 -15.358860 -20.651525 18.978098 0.375000 0.312500 -1
1 -19.494347 -21.380724 13.505486 0.416667 0.312500 -1
1 -22.094021 -21.839115 7.132496 0.458333 0.312500 -1
1 -22.980721 -21.995464 0.293433 0.500000 0.312500 -1
1 -22.094021 -21.839115 -6.545627 0.541667 0.312500 -1
1 -19.494347 -21.380722 -12.918618 0.583333 0.312500 -1
1 -15.358860 -20.651524 -18.391228 0.625000 0.312500 -1
1 -9.969391 -19.701216 -22.590511 0.666667 0.312500 -1
1 -3.693222 -18.594557 -25.230291 0.708333 0.312500 -1
1 3.041942 -17.406965 -26.130671 0.750000 0.312500 -1
1 9.777100 -16.219376 -25.230293 0.791667 0.312500 -1
1 16.053272 -15.112718 -22.590513 0.833333 0.312500 -1
1 14.943428 -20.198534 -19.167765 0.833333 0.250000 -1
1 13.258394 -24.508873 -14.997132 0.833333 0.187500 -1
1 11.062929 -27.878084 -10.238892 0.833333 0.125000 -1
1 8.441397 -30.176695 -5.075901 0.833333 0.062500 -1
1 5.494545 -31.316370 0.293432 0.833333 0.000000 -1
1 5.494545 -31.316370 0.293432 0.875000 0.000000 -1
1 5.494545 -31.316370 0.293432 0.916667 0.000000 -1
1 5.494545 -31.316370 0.293432 0.958333 0.000000 -1
1 11.494286 -29.638388 0.293432 -0.000000 0.062500 -1
1 11.286238 -29.675072 1.898102 0.041667 0.062500 -1
1 5.494545 -31.316370 0.293432 0.000000 0.000000 -1
1 11.494286 -29.638388 0.293432 0.000000 0.062500 -1
1 10.676266 -29.782627 3.393417 0.083333 0.062500 -1
1 13.543428 -27.440706 8.893039 0.125000 0.125000 -1
1 11.062929 -27.878086 10.825757 0.166667 0.125000 -1
1 8.174326 -28.387424 12.040715 0.208333 0.125000 -1
1 5.074471 -28.934011 12.455113 0.250000 0.125000 -1
1 1.974617 -29.480600 12.040715 0.291667 0.125000 -1
1 -4.129392 -27.574810 15.583997 0.333333 0.187500 -1
1 -11.770393 -24.908905 16.183434 0.375000 0.250000 -1
1 -15.287336 -25.529036 11.529361 0.416667 0.250000 -1
1 -17.498177 -25.918867 6.109578 0.458333 0.250000 -1
1 -18.252253 -26.051830 0.293433 0.500000 0.250000 -1
1 -17.498177 -25.918865 -5.522709 0.541667 0.250000 -1
1 -15.287336 -25.529036 -10.942492 0.583333 0.250000 -1
1 -11.770395 -24.908903 -15.596566 0.625000 0.250000 -1
1 -10.493763 -28.697020 -8.534577 0.583333 0.187500 -1
1 -12.230808 -29.003307 -4.276281 0.541667 0.187500 -1
1 -6.494343 -30.973906 -2.854242 0.541667 0.125000 -1
1 -6.902446 -31.045866 0.293432 0.500000 0.125000 -1
1 -0.717273 -31.791615 0.293432 0.500000 0.062500 -1
1 -0.509224 -31.754930 1.898104 0.458333 0.062500 -1
1 -6.494343 -30.973906 3.441107 0.458333 0.125000 -1
1 0.100747 -31.647377 3.393417 0.416667 0.062500 -1
1 -5.297843 -30.762932 6.374273 0.416667 0.125000 -1
1 1.071069 -31.476282 4.677473 0.375000 0.062500 -1
1 -3.394489 -30.427319 8.893041 0.375000 0.125000 -1
1 2.335617 -31.253309 5.662766 0.333333 0.062500 -1
1 -0.913986 -29.989939 10.825757 0.333333 0.125000 -1
1 3.808215 -30.993650 6.282145 0.291667 0.062500 -1
1 5.388508 -30.715002 6.493402 0.250000 0.062500 -1
1 6.968799 -30.436354 6.282145 0.208333 0.062500 -1
1 8.441397 -30.176695 5.662764 0.166667 0.062500 -1
1 5.494545 -31.316370 0.293432 0.166667 0.000000 -1
1 5.494545 -31.316370 0.293432 0.208333 0.000000 -1
1 5.494545 -31.316370 0.293432 0.250000 0.000000 -1
1 5.494545 -31.316370 0.293432 0.291667 0.000000 -1
1 5.494545 -31.316370 0.293432 0.333333 0.000000 -1
1 5.494545 -31.316370 0.293432 0.375000 0.000000 -1
1 5.494545 -31.316370 0.293432 0.416667 0.000000 -1
1 5.494545 -31.316370 0.293432 0.458333 0.000000 -1
1 5.494545 -31.316370 0.293432 0.500000 0.000000 -1
1 -0.509224 -31.754930 -1.311239 0.541667 0.062500 -1
1 -5.297843 -30.762930 -5.787407 0.583333 0.125000 -1
1 -7.730520 -28.209785 -12.191260 0.625000 0.187500 -1
1 -7.187028 -24.100731 -19.167763 0.666667 0.250000 -1
1 -4.129392 -27.574810 -14.997130 0.666667 0.187500 -1
1 -3.394489 -30.427317 -8.306173 0.625000 0.125000 -1
1 0.100747 -31.647375 -2.806553 0.583333 0.062500 -1
1 5.494545 -31.316370 0.293432 0.541667 0.000000 -1
1 5.494545 -31.316370 0.293432 0.583333 0.000000 -1
1 1.071068 -31.476282 -4.090610 0.625000 0.062500 -1
1 -0.913990 -29.989939 -10.238892 0.666667 0.125000 -1
1 0.064210 -26.835363 -16.760975 0.708333 0.187500 -1
1 1.974615 -29.480600 -11.453848 0.708333 0.125000 -1
1 2.335616 -31.253307 -5.075900 0.666667 0.062500 -1
1 5.494545 -31.316370 0.293432 0.625000 0.000000 -1
1 5.494545 -31.316370 0.293432 0.666667 0.000000 -1
1 3.808215 -30.993649 -5.695280 0.708333 0.062500 -1
1 5.074471 -28.934011 -11.868247 0.750000 0.125000 -1
1 5.388508 -30.715000 -5.906539 0.750000 0.062500 -1
1 5.494545 -31.316370 0.293432 0.708333 0.000000 -1
1 6.968799 -30.436354 -5.695281 0.791667 0.062500 -1
1 5.494545 -31.316370 0.293432 0.750000 0.000000 -1
1 5.494545 -31.316370 0.293432 0.791667 0.000000 -1
1 8.174324 -28.387424 -11.453848 0.791667 0.125000 -1
1 9.064791 -25.248318 -16.760977 0.791667 0.187500 -1
1 9.605983 -21.139671 -21.412712 0.791667 0.250000 -1
1 4.564504 -26.041842 -17.362591 0.750000 0.187500 -1
1 3.878202 -22.149633 -22.178421 0.750000 0.250000 -1
1 -1.849582 -23.159595 -21.412710 0.708333 0.250000 -1
1 9.705945 -29.953720 4.677473 0.125000 0.062500 -1
1 5.494545 -31.316370 0.293432 0.125000 0.000000 -1
1 5.494545 -31.316370 0.293432 0.083333 0.000000 -1
1 5.494545 -31.316370 0.293432 0.041667 0.000000 -1
1 -7.730520 -28.209785 12.778127 0.375000 0.187500 -1
1 -10.493763 -28.697020 9.121446 0.416667 0.187500 -1
1 -12.230808 -29.003309 4.863148 0.458333 0.187500 -1
1 -12.823284 -29.107779 0.293433 0.500000 0.187500 -1
1 -1.119059 31.437923 -4.090607 0.875000 0.937500 -1
1 -5.542533 31.278009 0.293435 0.833333 1.000000 -1
1 0.865998 29.951580 -10.238890 0.833333 0.875000 -1
1 4.081399 27.536451 -14.997130 0.833333 0.812500 -1
1 3.346498 30.388960 -8.306172 0.875000 0.875000 -1
1 -0.148737 31.609018 -2.806552 0.916667 0.937500 -1
1 -5.542533 31.278009 0.293435 0.875000 1.000000 -1
1 -5.542533 31.278009 0.293435 0.916667 1.000000 -1
437
0.108788 0.957330 0.267741
-0.057522 0.981656 0.181779
0.031371 0.943679 0.329372
-0.015008 0.989152 0.146128
0.167858 0.967745 0.187864
0.016970 0.994790 0.100518
0.204556 0.974216 0.095183
0.036233 0.998187 0.048058
0.216108 0.975072 0.050310
0.119616 0.992086 0.038188
0.021776 0.999433 0.025671
0.247942 0.967254 -0.054259
0.202526 0.973858 -0.102878
0.054555 0.998063 -0.029890
0.383122 0.911889 -0.147228
0.327621 0.902103 -0.280847
0.478727 0.802484 -0.356147
0.367454 0.782863 -0.502099
0.480838 0.648988 -0.589584
0.611443 0.672017 -0.417768
0.575744 0.490160 -0.654418
0.720664 0.515713 -0.463340
0.693805 0.686540 -0.217481
0.811942 0.531808 -0.240686
0.740010 0.663355 -0.111109
0.854082 0.505557 -0.122292
0.898873 0.356627 -0.254646
0.935530 0.328924 -0.128813
0.951251 0.167731 -0.258819
0.981515 0.140033 -0.130457
0.967061 -0.027612 -0.253043
0.990400 -0.054192 -0.127169
0.945696 -0.221889 -0.237537
0.961766 -0.246641 -0.119057
0.887983 -0.407628 -0.212896
0.896457 -0.430169 -0.106393
0.796147 -0.577689 -0.180070
0.796628 -0.597790 -0.089618
0.673724 -0.725538 -0.140322
0.665781 -0.742918 -0.069336
0.815579 -0.571175 0.092684
0.794603 -0.577961 0.185924
0.756354 -0.648846 0.083229
0.886774 -0.407841 0.217481
0.804412 -0.422364 0.417768
0.724322 -0.590354 0.356147
0.673806 -0.445393 0.589584
0.708667 -0.263684 0.654418
0.519982 -0.296954 0.800898
0.516114 -0.107126 0.849794
0.716284 -0.071831 0.694102
0.853587 -0.238130 0.463340
0.944865 -0.222036 0.240686
0.944038 -0.309015 0.115332
0.866950 -0.488003 0.101246
0.944038 -0.309015 0.115333
0.966638 -0.027687 0.254646
0.985023 -0.118765 0.124996
0.869949 -0.044736 0.491108
0.696364 0.122788 0.707107
0.492404 0.086824 0.866025
0.449764 0.277436 0.848965
0.649675 0.312686 0.692929
0.852868 0.150384 0.500000
0.951251 0.167731 0.258819
0.988637 0.075637 0.129909
0.985023 -0.118765 0.124996
0.988637 0.075638 0.129908
0.970217 0.204110 0.130457
0.899296 0.356701 0.253043
0.954884 0.267057 0.129909
0.884999 0.448500 0.124996
0.812773 0.531955 0.237537
0.837190 0.533418 0.120738
0.781416 0.613259 0.115333
0.695014 0.686753 0.212896
0.781416 0.613260 0.115332
0.647760 0.755087 0.101246
0.550552 0.815148 0.180070
0.647760 0.755087 0.101246
0.571040 0.815673 0.092684
0.597336 0.796267 -0.095649
0.549008 0.814876 -0.185924
0.431236 0.898993 -0.076463
0.401604 0.912904 0.072939
0.310494 0.948555 0.061942
0.384945 0.912210 0.140322
0.331142 0.902723 0.274656
0.244932 0.887522 0.390272
0.132191 0.867643 0.479292
-0.059117 0.927723 0.368558
-0.107675 0.972812 0.205042
-0.135542 0.986553 0.091330
-0.113533 0.990434 0.078426
-0.095563 0.993603 0.060179
-0.082855 0.995843 0.037830
-0.076278 0.997003 0.012903
0.032320 0.997497 -0.062888
-0.076278 0.997003 -0.012903
0.163936 0.967054 -0.194763
0.239953 0.886644 -0.395328
0.222770 0.757351 -0.613834
0.310888 0.619022 -0.721222
0.387059 0.456890 -0.800898
0.167467 0.418170 -0.892798
0.113177 0.584160 -0.803709
-0.068067 0.376639 -0.923856
-0.098822 0.546779 -0.831425
-0.303491 0.335127 -0.891955
-0.310661 0.509426 -0.802480
-0.522762 0.296464 -0.799268
-0.507905 0.474646 -0.718848
-0.710937 0.263283 -0.652112
-0.677112 0.444811 -0.586228
-0.855192 0.237847 -0.460516
-0.806749 0.421952 -0.413657
-0.617268 0.609230 -0.497814
-0.473533 0.634574 -0.610804
-0.305897 0.664133 -0.682169
-0.289381 0.793308 -0.535650
-0.147910 0.818254 -0.555503
-0.125782 0.695892 -0.707045
0.054537 0.727687 -0.683737
-0.006200 0.843241 -0.537500
-0.066695 0.926387 -0.370619
-0.164355 0.909167 -0.382626
-0.261748 0.891994 -0.368558
-0.420970 0.770106 -0.479292
-0.533712 0.750226 -0.390272
-0.727306 0.589827 -0.350898
-0.887983 0.407628 -0.212896
-0.796147 0.577689 -0.180070
-0.619921 0.735025 -0.274655
-0.429654 0.862388 -0.267741
-0.352236 0.876038 -0.329372
-0.231540 0.950971 -0.205042
-0.177168 0.960559 -0.214332
-0.122280 0.970237 -0.209016
-0.070616 0.979347 -0.189455
-0.135542 0.986553 -0.091330
-0.160091 0.982225 -0.098009
-0.185505 0.977743 -0.098009
-0.210053 0.973415 -0.091330
-0.281693 0.942128 -0.181779
-0.324207 0.934632 -0.146128
-0.488724 0.851972 -0.187864
-0.673724 0.725538 -0.140322
-0.819101 0.573641 0.003030
-0.915278 0.402815 0.002373
-0.976282 0.216496 0.001630
-0.945696 0.221889 -0.237537
-0.967061 0.027612 -0.253043
-0.870766 0.044591 -0.489671
-0.717439 0.071627 -0.692929
-0.517529 0.106876 -0.848965
-0.284659 0.147938 -0.947145
-0.034699 0.192013 -0.980779
0.215316 0.236097 -0.947574
0.448349 0.277187 -0.849794
0.648519 0.312482 -0.694102
0.802184 0.339578 -0.491108
0.852868 0.150384 -0.500000
0.870766 -0.044591 -0.489671
0.855192 -0.237847 -0.460516
0.806749 -0.421952 -0.413658
0.727306 -0.589827 -0.350898
0.619921 -0.735025 -0.274656
0.488724 -0.851972 -0.187864
0.525422 -0.845501 -0.095184
0.508745 -0.859671 -0.046307
0.616194 -0.785155 0.061941
0.671901 -0.725860 0.147228
0.756354 -0.648846 0.083230
0.616400 -0.735646 0.280847
0.613048 -0.609974 0.502099
0.503858 -0.475360 0.721222
0.300390 -0.335674 0.892798
0.283081 -0.148216 0.947574
0.254887 0.044943 0.965926
0.216894 0.236375 0.947145
0.170568 0.418716 0.891955
0.389839 0.457380 0.799268
0.578014 0.490560 0.652112
0.803001 0.339722 0.489671
0.722269 0.515996 0.460516
0.613780 0.672429 0.413658
0.481711 0.803010 0.350898
0.488822 0.868404 0.083229
0.371674 0.783607 0.497814
0.227939 0.758263 0.610804
0.000601 0.844440 0.535650
-0.156510 0.910550 0.382626
-0.162048 0.963225 0.214332
-0.160091 0.982225 0.098009
-0.185505 0.977743 0.098009
-0.216935 0.953547 0.209016
-0.210053 0.973415 0.091330
-0.268599 0.944437 0.189455
-0.232063 0.969534 0.078426
-0.313515 0.936517 0.156984
-0.250032 0.966365 0.060179
-0.348625 0.930326 0.113814
-0.262740 0.964125 0.037830
-0.371535 0.926287 0.062888
-0.269318 0.962965 0.012903
-0.380684 0.924673 0.007677
-0.269318 0.962965 -0.012903
-0.375448 0.925597 -0.048058
-0.262740 0.964125 -0.037830
-0.356185 0.928993 -0.100518
-0.250033 0.966365 -0.060179
-0.232063 0.969534 -0.078426
-0.525421 0.845501 -0.095184
-0.691453 0.722412 0.003575
-0.794603 0.577961 0.185924
-0.886774 0.407841 0.217481
-0.804412 0.422364 0.417768
-0.724322 0.590354 0.356147
-0.673806 0.445393 0.589584
-0.613048 0.609974 0.502099
-0.616400 0.735646 0.280847
-0.671901 0.725860 0.147228
-0.523391 0.845859 0.102878
-0.537246 0.843416 0.003983
-0.484801 0.852664 0.194762
-0.528733 0.751104 0.395328
-0.468365 0.635486 0.613834
-0.414873 0.771181 0.482867
-0.424106 0.863366 0.273374
-0.345442 0.877236 0.333355
-0.282580 0.794508 0.537500
-0.254170 0.893330 0.370619
-0.140869 0.819495 0.555503
-0.119813 0.696945 0.707045
-0.300132 0.665150 0.683738
-0.306146 0.510222 0.803709
-0.094147 0.547603 0.831425
0.117693 0.584956 0.802481
0.060302 0.728704 0.682169
0.314936 0.619735 0.718848
0.484143 0.649571 0.586228
-0.064856 0.377205 0.923856
-0.300390 0.335674 0.892798
-0.503857 0.475360 0.721222
-0.519981 0.296954 0.800898
-0.283081 0.148216 0.947574
-0.033065 0.192301 0.980779
-0.000000 0.000000 1.000000
-0.254887 -0.044943 0.965926
-0.516114 0.107126 0.849794
-0.708667 0.263684 0.654418
-0.853587 0.238130 0.463340
-0.944865 0.222036 0.240686
-0.966638 0.027687 0.254646
-0.869949 0.044735 0.491108
-0.716284 0.071831 0.694102
-0.492404 -0.086824 0.866025
-0.216894 -0.236375 0.947145
0.033065 -0.192301 0.980779
0.064856 -0.377205 0.923856
-0.170568 -0.418717 0.891955
-0.449764 -0.277437 0.848965
-0.696364 -0.122788 0.707107
-0.852868 -0.150384 0.500000
-0.951251 -0.167731 0.258819
-0.999761 0.021846 0.000829
-0.984808 -0.173648 -0.000000
-0.951251 -0.167731 -0.258819
-0.852869 -0.150384 -0.500000
-0.696364 -0.122788 -0.707107
-0.492404 -0.086824 -0.866025
-0.254887 -0.044943 -0.965926
-0.000000 -0.000000 -1.000000
0.254887 0.044943 -0.965926
0.492404 0.086824 -0.866025
0.696364 0.122788 -0.707107
0.717439 -0.071627 -0.692929
0.710937 -0.263283 -0.652112
0.677112 -0.444810 -0.586228
0.617268 -0.609230 -0.497814
0.533711 -0.750226 -0.390272
0.429653 -0.862388 -0.267741
0.324207 -0.934632 -0.146128
0.356185 -0.928993 -0.100518
0.375448 -0.925597 -0.048058
0.362289 -0.931712 -0.025672
0.451716 -0.891344 0.038189
0.523391 -0.845859 0.102878
0.616194 -0.785155 0.061941
0.484801 -0.852664 0.194763
0.528733 -0.751104 0.395328
0.468365 -0.635486 0.613834
0.306146 -0.510222 0.803709
0.094148 -0.547603 0.831425
-0.117692 -0.584956 0.802481
-0.389839 -0.457380 0.799268
-0.649674 -0.312686 0.692929
-0.803001 -0.339722 0.489671
-0.899296 -0.356701 0.253043
-0.931996 -0.362467 -0.000830
-0.898873 -0.356627 -0.254646
-0.802185 -0.339578 -0.491108
-0.648519 -0.312482 -0.694102
-0.448350 -0.277187 -0.849794
-0.215316 -0.236097 -0.947574
0.034699 -0.192013 -0.980779
0.284659 -0.147938 -0.947145
0.517529 -0.106877 -0.848965
0.522762 -0.296464 -0.799268
0.303491 -0.335127 -0.891955
0.068067 -0.376639 -0.923856
-0.167467 -0.418170 -0.892798
-0.387059 -0.456890 -0.800898
-0.575744 -0.490160 -0.654418
-0.720664 -0.515713 -0.463340
-0.811942 -0.531808 -0.240686
-0.843359 -0.537348 -0.001630
-0.812773 -0.531955 0.237537
-0.722269 -0.515996 0.460516
-0.578014 -0.490560 0.652112
-0.314936 -0.619735 0.718849
-0.060302 -0.728704 0.682169
0.119813 -0.696945 0.707045
0.300131 -0.665150 0.683737
0.414873 -0.771181 0.482867
0.282580 -0.794508 0.537500
0.140869 -0.819495 0.555503
-0.000601 -0.844440 0.535650
-0.227939 -0.758263 0.610804
-0.484143 -0.649571 0.586228
-0.613780 -0.672429 0.413657
-0.695014 -0.686753 0.212896
-0.722309 -0.691566 -0.002373
-0.693805 -0.686540 -0.217481
-0.611443 -0.672017 -0.417768
-0.480838 -0.648988 -0.589584
-0.310889 -0.619021 -0.721222
-0.113177 -0.584160 -0.803709
0.098821 -0.546779 -0.831425
0.310661 -0.509425 -0.802481
0.507905 -0.474646 -0.718849
0.473534 -0.634574 -0.610804
0.420970 -0.770106 -0.479293
0.352236 -0.876038 -0.329372
0.281693 -0.942128 -0.181779
0.232063 -0.969534 -0.078427
0.250033 -0.966365 -0.060179
0.262740 -0.964125 -0.037830
0.269318 -0.962965 -0.012903
0.269318 -0.962965 0.012903
0.371535 -0.926287 0.062888
0.451716 -0.891344 0.038189
0.348625 -0.930326 0.113814
0.424106 -0.863366 0.273374
0.345442 -0.877236 0.333355
0.254170 -0.893330 0.370619
0.156510 -0.910550 0.382626
0.059117 -0.927723 0.368558
-0.132191 -0.867643 0.479292
-0.371674 -0.783607 0.497814
-0.481711 -0.803010 0.350898
-0.550553 -0.815148 0.180070
-0.573506 -0.819196 -0.003030
-0.549008 -0.814876 -0.185924
-0.478727 -0.802484 -0.356147
-0.367454 -0.782863 -0.502099
-0.327621 -0.902103 -0.280847
-0.383122 -0.911889 -0.147228
-0.202526 -0.973858 -0.102878
-0.216380 -0.976301 -0.003983
-0.041469 -0.999110 -0.007677
-0.036233 -0.998187 0.048058
-0.204556 -0.974216 0.095183
-0.016970 -0.994790 0.100518
-0.167858 -0.967745 0.187863
0.015008 -0.989152 0.146128
-0.108788 -0.957330 0.267741
0.057522 -0.981656 0.181779
-0.031371 -0.943679 0.329372
0.107675 -0.972812 0.205042
0.162048 -0.963225 0.214332
0.216936 -0.953547 0.209016
0.268599 -0.944437 0.189455
0.210053 -0.973415 0.091330
0.185505 -0.977743 0.098009
0.160091 -0.982225 0.098009
0.135542 -0.986553 0.091330
0.113532 -0.990434 0.078426
0.095563 -0.993603 0.060180
0.082855 -0.995843 0.037830
0.076277 -0.997003 0.012903
0.076277 -0.997003 -0.012903
-0.032320 -0.997497 -0.062889
-0.163936 -0.967054 -0.194763
-0.239953 -0.886644 -0.395328
-0.222770 -0.757351 -0.613834
-0.126093 -0.866568 -0.482867
-0.103241 -0.956351 -0.273374
-0.009410 -0.993457 -0.113815
0.082855 -0.995843 -0.037831
0.095562 -0.993603 -0.060179
0.025700 -0.987267 -0.156984
-0.024577 -0.942481 -0.333355
0.006200 -0.843241 -0.537500
0.066695 -0.926387 -0.370619
0.070617 -0.979347 -0.189456
0.113533 -0.990434 -0.078427
0.135542 -0.986553 -0.091330
0.122279 -0.970237 -0.209016
0.164355 -0.909167 -0.382626
0.177167 -0.960559 -0.214333
0.160091 -0.982225 -0.098009
0.231540 -0.950971 -0.205042
0.185504 -0.977744 -0.098009
0.210053 -0.973415 -0.091330
0.261748 -0.891994 -0.368558
0.289381 -0.793308 -0.535650
0.305897 -0.664133 -0.682169
0.147910 -0.818254 -0.555503
0.125781 -0.695892 -0.707045
-0.054537 -0.727687 -0.683738
0.313515 -0.936517 0.156984
0.232063 -0.969534 0.078427
0.250033 -0.966365 0.060179
0.262740 -0.964125 0.037830
-0.244932 -0.887522 0.390272
-0.331142 -0.902723 0.274656
-0.384945 -0.912210 0.140322
-0.402674 -0.915336 -0.003575
-0.025700 0.987267 -0.156984
-0.113532 0.990434 -0.078426
0.024577 0.942481 -0.333355
0.126093 0.866568 -0.482867
0.103240 0.956351 -0.273374
0.009410 0.993457 -0.113814
-0.095563 0.993603 -0.060179
-0.082855 0.995843 -0.037830
720
1 0 1 2 0 1 2 1
1 0 3 1 0 3 1 1
1 4 3 0 4 3 0 1
1 4 5 3 4 5 3 1
1 6 5 4 6 5 4 1
1 6 7 5 6 7 5 1
1 8 7 6 8 7 6 1
1 9 10 7 9 10 7 1
1 11 12 13 11 12 13 1
1 14 12 11 14 12 11 1
1 14 15 12 14 15 12 1
1 16 15 14 16 15 14 1
1 16 17 15 16 17 15 1
1 16 18 17 16 18 17 1
1 19 18 16 19 18 16 1
1 19 20 18 19 20 18 1
1 19 21 20 19 21 20 1
1 22 21 19 22 21 19 1
1 22 23 21 22 23 21 1
1 24 23 22 24 23 22 1
1 25 23 24 25 23 24 1
1 25 26 23 25 26 23 1
1 27 26 25 27 26 25 1
1 27 28 26 27 28 26 1
1 29 28 27 29 28 27 1
1 29 30 28 29 30 28 1
1 31 30 29 31 30 29 1
1 31 32 30 31 32 30 1
1 33 32 31 33 32 31 1
1 33 34 32 33 34 32 1
1 35 34 33 35 34 33 1
1 35 36 34 35 36 34 1
1 37 36 35 37 36 35 1
1 37 38 36 37 38 36 1
1 37 39 38 37 39 38 1
1 40 41 42 40 41 42 1
1 43 41 40 43 41 40 1
1 44 41 43 44 41 43 1
1 44 45 41 44 45 41 1
1 44 46 45 44 46 45 1
1 47 46 44 47 46 44 1
1 46 47 48 46 47 48 1
1 47 49 48 47 49 48 1
1 47 50 49 47 50 49 1
1 50 47 51 50 47 51 1
1 47 44 51 47 44 51 1
1 51 44 43 51 44 43 1
1 51 43 52 51 43 52 1
1 52 43 53 52 43 53 1
1 43 54 55 43 54 54 1
1 52 56 57 52 55 55 1
1 58 52 59 56 52 57 1
1 60 52 58 58 52 56 1
1 60 51 52 58 51 52 1
1 50 51 60 50 51 58 1
1 61 50 60 59 50 58 1
1 50 61 62 50 59 60 1
1 61 63 62 59 61 60 1
1 61 64 63 59 62 61 1
1 61 65 64 59 63 62 1
1 61 60 65 59 58 63 1
1 65 60 58 63 58 56 1
1 65 58 66 63 56 64 1
1 66 58 67 64 56 65 1
1 58 68 69 56 66 66 1
1 66 70 71 64 67 68 1
1 66 71 72 64 68 69 1
1 72 71 73 69 68 70 1
1 72 74 75 69 71 72 1
1 75 76 77 72 71 73 1
1 75 78 79 72 74 75 1
1 79 77 80 75 73 76 1
1 79 81 82 75 77 78 1
1 82 83 84 78 79 80 1
1 24 22 85 24 22 81 1
1 85 22 86 81 22 82 1
1 86 22 19 82 22 19 1
1 86 19 16 82 19 16 1
1 86 16 14 82 16 14 1
1 86 14 87 82 14 83 1
1 87 14 11 83 14 11 1
1 88 8 6 84 8 6 1
1 89 6 90 85 6 86 1
1 90 6 4 86 6 4 1
1 90 4 91 86 4 87 1
1 91 4 0 87 4 0 1
1 91 0 92 87 0 88 1
1 92 0 2 88 0 2 1
1 92 2 93 88 2 89 1
1 93 2 94 89 2 90 1
1 2 95 94 2 91 90 1
1 2 1 95 2 1 91 1
1 1 96 95 1 92 91 1
1 3 97 1 3 93 1 1
1 5 98 3 5 94 3 1
1 7 99 5 7 95 5 1
1 10 100 7 10 96 7 1
1 13 101 102 13 97 98 1
1 12 101 13 12 97 13 1
1 12 103 101 12 99 97 1
1 15 103 12 15 99 12 1
1 15 104 103 15 100 99 1
1 17 104 15 17 100 15 1
1 17 105 104 17 101 100 1
1 17 106 105 17 102 101 1
1 18 106 17 18 102 17 1
1 107 106 18 103 102 18 1
1 108 106 107 104 102 103 1
1 108 109 106 104 105 102 1
1 110 109 108 106 105 104 1
1 110 111 109 106 107 105 1
1 112 111 110 108 107 106 1
1 112 113 111 108 109 107 1
1 114 113 112 110 109 108 1
1 114 115 113 110 111 109 1
1 116 115 114 112 111 110 1
1 116 117 115 112 113 111 1
1 118 117 116 114 113 112 1
1 119 117 118 115 113 114 1
1 120 117 119 116 113 115 1
1 121 117 120 117 113 116 1
1 121 115 117 117 111 113 1
1 115 121 122 111 117 118 1
1 123 122 121 119 118 117 1
1 124 122 123 120 118 119 1
1 125 122 124 121 118 120 1
1 113 122 125 109 118 121 1
1 115 122 113 111 118 109 1
1 113 125 111 109 121 107 1
1 111 125 126 107 121 122 1
1 126 125 127 122 121 123 1
1 127 125 124 123 121 120 1
1 127 124 128 123 120 124 1
1 128 124 129 124 120 125 1
1 124 123 129 120 119 125 1
1 129 123 130 125 119 126 1
1 130 123 131 126 119 127 1
1 123 121 131 119 117 127 1
1 131 121 120 127 117 116 1
1 131 120 132 127 116 128 1
1 132 120 133 128 116 129 1
1 120 119 133 116 115 129 1
1 134 133 119 130 129 115 1
1 135 133 134 131 129 130 1
1 136 133 135 132 129 131 1
1 132 133 136 128 129 132 1
1 137 132 136 133 128 132 1
1 138 132 137 134 128 133 1
1 138 131 132 134 127 128 1
1 130 131 138 126 127 134 1
1 139 130 138 135 126 134 1
1 140 130 139 136 126 135 1
1 129 130 140 125 126 136 1
1 141 129 140 137 125 136 1
1 128 129 141 124 125 137 1
1 128 141 142 124 137 138 1
1 142 141 143 138 137 139 1
1 141 140 144 137 136 140 1
1 140 139 145 136 135 141 1
1 146 139 147 142 135 143 1
1 139 138 147 135 134 143 1
1 147 138 137 143 134 133 1
1 147 137 148 143 133 144 1
1 148 137 149 144 133 145 1
1 137 136 149 133 132 145 1
1 149 136 150 145 132 146 1
1 136 135 150 132 131 146 1
1 150 135 151 146 131 147 1
1 151 135 152 147 131 148 1
1 152 135 134 148 131 130 1
1 152 134 153 148 130 149 1
1 153 134 154 149 130 150 1
1 134 119 154 130 115 150 1
1 154 119 118 150 115 114 1
1 154 118 155 150 114 151 1
1 155 118 156 151 114 152 1
1 118 116 156 114 112 152 1
1 156 116 157 152 112 153 1
1 157 116 114 153 112 110 1
1 157 114 158 153 110 154 1
1 158 114 112 154 110 108 1
1 158 112 159 154 108 155 1
1 159 112 110 155 108 106 1
1 159 110 160 155 106 156 1
1 160 110 108 156 106 104 1
1 160 108 161 156 104 157 1
1 161 108 107 157 104 103 1
1 161 107 162 157 103 158 1
1 162 107 20 158 103 20 1
1 107 18 20 103 18 20 1
1 162 20 163 158 20 159 1
1 21 163 20 21 159 20 1
1 21 164 163 21 160 159 1
1 23 164 21 23 160 21 1
1 23 26 164 23 26 160 1
1 26 165 164 26 161 160 1
1 26 28 165 26 28 161 1
1 28 166 165 28 162 161 1
1 30 166 28 30 162 28 1
1 30 167 166 30 163 162 1
1 32 167 30 32 163 30 1
1 32 168 167 32 164 163 1
1 34 168 32 34 164 32 1
1 34 169 168 34 165 164 1
1 36 169 34 36 165 34 1
1 36 170 169 36 166 165 1
1 36 38 170 36 38 166 1
1 38 171 170 38 167 166 1
1 38 172 171 38 168 167 1
1 39 172 38 39 168 38 1
1 39 173 172 39 169 168 1
1 174 175 176 170 171 170 1
1 41 175 177 41 171 172 1
1 41 45 175 41 45 171 1
1 45 178 175 45 173 171 1
1 45 179 178 45 174 173 1
1 45 46 179 45 46 174 1
1 46 180 179 46 175 174 1
1 46 48 180 46 48 175 1
1 180 48 181 175 48 176 1
1 48 182 181 48 177 176 1
1 48 49 182 48 49 177 1
1 49 183 182 49 178 177 1
1 49 62 183 49 60 178 1
1 50 62 49 50 60 49 1
1 62 184 183 60 179 178 1
1 62 63 184 60 61 179 1
1 63 185 184 61 180 179 1
1 63 186 185 61 181 180 1
1 64 186 63 62 181 61 1
1 64 187 186 62 182 181 1
1 64 188 187 62 183 182 1
1 64 65 188 62 63 183 1
1 65 66 188 63 64 183 1
1 188 66 72 183 64 69 1
1 188 72 189 183 69 184 1
1 189 72 75 184 69 72 1
1 189 75 190 184 72 185 1
1 190 75 79 185 72 75 1
1 190 79 191 185 75 186 1
1 191 79 82 186 75 78 1
1 82 91 191 78 87 186 1
1 82 90 91 78 86 87 1
1 192 90 82 187 86 78 1
1 84 88 90 80 84 86 1
1 85 86 87 81 82 83 1
1 191 91 92 186 87 88 1
1 191 92 193 186 88 188 1
1 193 92 93 188 88 89 1
1 193 93 194 188 89 189 1
1 194 93 195 189 89 190 1
1 93 94 195 89 90 190 1
1 195 94 196 190 90 191 1
1 94 197 196 90 192 191 1
1 94 95 197 90 91 192 1
1 95 198 197 91 193 192 1
1 199 200 197 194 195 192 1
1 201 202 200 196 197 195 1
1 203 204 202 198 199 197 1
1 205 206 204 200 201 199 1
1 207 208 206 202 203 201 1
1 209 210 208 204 205 203 1
1 211 212 210 206 207 205 1
1 213 214 212 208 209 207 1
1 215 148 214 210 144 209 1
1 216 147 148 211 143 144 1
1 148 149 214 144 145 209 1
1 214 149 217 209 145 212 1
1 149 150 217 145 146 212 1
1 217 150 218 212 146 213 1
1 150 151 218 146 147 213 1
1 218 151 219 213 147 214 1
1 220 219 151 215 214 147 1
1 221 219 220 216 214 215 1
1 221 222 219 216 217 214 1
1 223 222 221 218 217 216 1
1 224 222 223 219 217 218 1
1 225 222 224 220 217 219 1
1 225 226 222 220 221 217 1
1 227 226 225 222 221 220 1
1 227 228 226 222 223 221 1
1 210 228 227 205 223 222 1
1 212 228 210 207 223 205 1
1 212 217 228 207 212 223 1
1 214 217 212 209 212 207 1
1 217 218 228 212 213 223 1
1 228 218 226 223 213 221 1
1 226 218 219 221 213 214 1
1 226 219 222 221 214 217 1
1 208 210 227 203 205 222 1
1 208 227 229 203 222 224 1
1 229 227 225 224 222 220 1
1 229 225 230 224 220 225 1
1 230 225 224 225 220 219 1
1 231 230 224 226 225 219 1
1 232 230 231 227 225 226 1
1 233 230 232 228 225 227 1
1 233 229 230 228 224 225 1
1 206 229 233 201 224 228 1
1 206 208 229 201 203 224 1
1 204 206 233 199 201 228 1
1 204 233 234 199 228 229 1
1 234 233 232 229 228 227 1
1 235 234 232 230 229 227 1
1 236 234 235 231 229 230 1
1 202 234 236 197 229 231 1
1 202 204 234 197 199 229 1
1 200 202 236 195 197 231 1
1 196 200 236 191 195 231 1
1 197 200 196 192 195 191 1
1 196 236 237 191 231 232 1
1 237 236 235 232 231 230 1
1 237 235 238 232 230 233 1
1 238 235 239 233 230 234 1
1 235 232 239 230 227 234 1
1 239 232 231 234 227 226 1
1 240 239 231 235 234 226 1
1 241 239 240 236 234 235 1
1 241 238 239 236 233 234 1
1 242 238 241 237 233 236 1
1 242 243 238 237 238 233 1
1 244 243 242 239 238 237 1
1 244 194 243 239 189 238 1
1 245 194 244 240 189 239 1
1 245 193 194 240 188 189 1
1 190 193 245 185 188 240 1
1 190 191 193 185 186 188 1
1 245 189 190 240 184 185 1
1 187 189 245 182 184 240 1
1 187 188 189 182 183 184 1
1 187 245 244 182 240 239 1
1 187 244 186 182 239 181 1
1 186 244 242 181 239 237 1
1 186 242 185 181 237 180 1
1 185 242 241 180 237 236 1
1 185 241 246 180 236 241 1
1 246 241 240 241 236 235 1
1 246 240 247 241 235 242 1
1 247 240 248 242 235 243 1
1 240 231 248 235 226 243 1
1 231 224 248 226 219 243 1
1 248 224 223 243 219 218 1
1 249 248 223 244 243 218 1
1 247 248 249 242 243 244 1
1 250 247 249 245 242 244 1
1 251 247 250 246 242 245 1
1 251 246 247 246 241 242 1
1 184 246 251 179 241 246 1
1 184 185 246 179 180 241 1
1 183 184 251 178 179 246 1
1 183 251 252 178 246 247 1
1 252 251 250 247 246 245 1
1 252 250 253 247 245 248 1
1 253 250 254 248 245 249 1
1 250 249 254 245 244 249 1
1 254 249 255 249 244 250 1
1 249 223 255 244 218 250 1
1 255 223 221 250 218 216 1
1 255 221 256 250 216 251 1
1 256 221 220 251 216 215 1
1 256 220 257 251 215 252 1
1 257 220 152 252 215 148 1
1 220 151 152 215 147 148 1
1 257 152 153 252 148 149 1
1 258 257 153 253 252 149 1
1 259 257 258 254 252 253 1
1 259 256 257 254 251 252 1
1 260 256 259 255 251 254 1
1 260 255 256 255 250 251 1
1 254 255 260 249 250 255 1
1 261 254 260 256 249 255 1
1 253 254 261 248 249 256 1
1 262 253 261 257 248 256 1
1 263 253 262 258 248 257 1
1 263 252 253 258 247 248 1
1 182 252 263 177 247 258 1
1 182 183 252 177 178 247 1
1 181 182 263 176 177 258 1
1 181 263 264 176 258 259 1
1 264 263 262 259 258 257 1
1 264 262 265 259 257 260 1
1 265 262 266 260 257 261 1
1 262 261 266 257 256 261 1
1 266 261 267 261 256 262 1
1 261 260 267 256 255 262 1
1 267 260 259 262 255 254 1
1 267 259 268 262 254 263 1
1 268 259 258 263 254 253 1
1 268 258 269 263 253 264 1
1 269 258 270 264 253 265 1
1 258 153 270 253 149 265 1
1 153 154 270 149 150 265 1
1 270 154 155 265 150 151 1
1 270 155 271 265 151 266 1
1 271 155 272 266 151 267 1
1 155 156 272 151 152 267 1
1 272 156 273 267 152 268 1
1 156 157 273 152 153 268 1
1 273 157 274 268 153 269 1
1 274 157 158 269 153 154 1
1 274 158 275 269 154 270 1
1 275 158 159 270 154 155 1
1 275 159 276 270 155 271 1
1 276 159 160 271 155 156 1
1 276 160 277 271 156 272 1
1 277 160 161 272 156 157 1
1 277 161 278 272 157 273 1
1 278 161 162 273 157 158 1
1 278 162 279 273 158 274 1
1 279 162 163 274 158 159 1
1 279 163 280 274 159 275 1
1 164 280 163 160 275 159 1
1 164 165 280 160 161 275 1
1 165 281 280 161 276 275 1
1 166 281 165 162 276 161 1
1 166 282 281 162 277 276 1
1 167 282 166 163 277 162 1
1 167 283 282 163 278 277 1
1 168 283 167 164 278 163 1
1 168 284 283 164 279 278 1
1 168 169 284 164 165 279 1
1 169 285 284 165 280 279 1
1 169 170 285 165 166 280 1
1 170 286 285 166 281 280 1
1 170 171 286 166 167 281 1
1 171 287 286 167 282 281 1
1 171 288 287 167 283 282 1
1 172 288 171 168 283 167 1
1 172 289 288 168 284 283 1
1 173 289 172 169 284 168 1
1 173 290 289 169 285 284 1
1 291 292 293 286 287 286 1
1 175 292 294 171 287 288 1
1 175 178 292 171 173 287 1
1 178 295 292 173 289 287 1
1 178 296 295 173 290 289 1
1 179 296 178 174 290 173 1
1 179 297 296 174 291 290 1
1 179 180 297 174 175 291 1
1 297 180 298 291 175 292 1
1 180 181 298 175 176 292 1
1 298 181 264 292 176 259 1
1 298 264 299 292 259 293 1
1 299 264 265 293 259 260 1
1 299 265 300 293 260 294 1
1 300 265 301 294 260 295 1
1 265 266 301 260 261 295 1
1 301 266 302 295 261 296 1
1 266 267 302 261 262 296 1
1 267 268 302 262 263 296 1
1 302 268 303 296 263 297 1
1 268 269 303 263 264 297 1
1 303 269 304 297 264 298 1
1 269 271 304 264 266 298 1
1 269 270 271 264 265 266 1
1 304 271 305 298 266 299 1
1 271 272 305 266 267 299 1
1 305 272 306 299 267 300 1
1 306 272 273 300 267 268 1
1 306 273 307 300 268 301 1
1 307 273 274 301 268 269 1
1 307 274 308 301 269 302 1
1 308 274 275 302 269 270 1
1 308 275 309 302 270 303 1
1 309 275 276 303 270 271 1
1 309 276 310 303 271 304 1
1 310 276 277 304 271 272 1
1 310 277 311 304 272 305 1
1 311 277 278 305 272 273 1
1 311 278 312 305 273 306 1
1 312 278 279 306 273 274 1
1 312 279 313 306 274 307 1
1 313 279 280 307 274 275 1
1 313 280 281 307 275 276 1
1 314 313 281 308 307 276 1
1 315 313 314 309 307 308 1
1 315 312 313 309 306 307 1
1 316 312 315 310 306 309 1
1 316 311 312 310 305 306 1
1 317 311 316 311 305 310 1
1 317 310 311 311 304 305 1
1 318 310 317 312 304 311 1
1 318 309 310 312 303 304 1
1 319 309 318 313 303 312 1
1 319 308 309 313 302 303 1
1 320 308 319 314 302 313 1
1 320 307 308 314 301 302 1
1 321 307 320 315 301 314 1
1 321 306 307 315 300 301 1
1 322 306 321 316 300 315 1
1 305 306 322 299 300 316 1
1 323 305 322 317 299 316 1
1 304 305 323 298 299 317 1
1 324 304 323 318 298 317 1
1 303 304 324 297 298 318 1
1 325 303 324 319 297 318 1
1 302 303 325 296 297 319 1
1 301 302 325 295 296 319 1
1 326 301 325 320 295 319 1
1 300 301 326 294 295 320 1
1 327 300 326 321 294 320 1
1 328 300 327 322 294 321 1
1 328 299 300 322 293 294 1
1 329 299 328 323 293 322 1
1 329 298 299 323 292 293 1
1 297 298 329 291 292 323 1
1 297 329 330 291 323 324 1
1 330 329 331 324 323 325 1
1 329 328 331 323 322 325 1
1 331 328 332 325 322 326 1
1 328 327 332 322 321 326 1
1 332 327 333 326 321 327 1
1 333 327 334 327 321 328 1
1 327 326 334 321 320 328 1
1 334 326 335 328 320 329 1
1 326 325 335 320 319 329 1
1 325 324 335 319 318 329 1
1 335 324 336 329 318 330 1
1 324 323 336 318 317 330 1
1 336 323 337 330 317 331 1
1 323 322 337 317 316 331 1
1 337 322 338 331 316 332 1
1 322 321 338 316 315 332 1
1 338 321 339 332 315 333 1
1 339 321 320 333 315 314 1
1 339 320 340 333 314 334 1
1 340 320 319 334 314 313 1
1 340 319 341 334 313 335 1
1 341 319 318 335 313 312 1
1 341 318 342 335 312 336 1
1 342 318 317 336 312 311 1
1 342 317 343 336 311 337 1
1 343 317 316 337 311 310 1
1 343 316 344 337 310 338 1
1 344 316 315 338 310 309 1
1 344 315 345 338 309 339 1
1 345 315 314 339 309 308 1
1 345 314 346 339 308 340 1
1 346 314 282 340 308 277 1
1 314 281 282 308 276 277 1
1 346 282 283 340 277 278 1
1 283 347 346 278 341 340 1
1 283 284 347 278 279 341 1
1 284 348 347 279 342 341 1
1 284 285 348 279 280 342 1
1 285 349 348 280 343 342 1
1 285 286 349 280 281 343 1
1 286 350 349 281 344 343 1
1 286 287 350 281 282 344 1
1 287 351 350 282 345 344 1
1 288 352 287 283 346 282 1
1 289 353 288 284 347 283 1
1 290 354 289 285 348 284 1
1 355 356 357 349 350 349 1
1 292 356 358 287 350 351 1
1 292 295 356 287 289 350 1
1 295 359 356 289 352 350 1
1 295 360 359 289 353 352 1
1 296 360 295 290 353 289 1
1 296 330 360 290 324 353 1
1 296 297 330 290 291 324 1
1 330 361 360 324 354 353 1
1 330 331 361 324 325 354 1
1 361 331 362 354 325 355 1
1 331 332 362 325 326 355 1
1 362 332 363 355 326 356 1
1 332 333 363 326 327 356 1
1 363 333 364 356 327 357 1
1 364 333 365 357 327 358 1
1 333 334 365 327 328 358 1
1 365 334 366 358 328 359 1
1 334 335 366 328 329 359 1
1 366 335 336 359 329 330 1
1 366 336 367 359 330 360 1
1 336 337 367 330 331 360 1
1 367 337 368 360 331 361 1
1 337 338 368 331 332 361 1
1 368 338 369 361 332 362 1
1 338 339 369 332 333 362 1
1 369 339 370 362 333 363 1
1 370 339 340 363 333 334 1
1 370 340 371 363 334 364 1
1 341 371 340 335 364 334 1
1 372 371 341 365 364 335 1
1 373 371 372 366 364 365 1
1 373 374 371 366 367 364 1
1 375 374 373 368 367 366 1
1 375 376 374 368 369 367 1
1 377 376 375 370 369 368 1
1 378 376 377 371 369 370 1
1 378 379 376 371 372 369 1
1 380 379 378 373 372 371 1
1 380 381 379 373 374 372 1
1 382 381 380 375 374 373 1
1 382 383 381 375 376 374 1
1 384 383 382 377 376 375 1
1 384 385 383 377 378 376 1
1 386 385 384 379 378 377 1
1 386 364 385 379 357 378 1
1 387 364 386 380 357 379 1
1 363 364 387 356 357 380 1
1 388 363 387 381 356 380 1
1 362 363 388 355 356 381 1
1 362 388 389 355 381 382 1
1 389 388 390 382 381 383 1
1 388 387 391 381 380 384 1
1 387 386 392 380 379 385 1
1 393 386 384 386 379 377 1
1 394 384 382 387 377 375 1
1 395 382 380 388 375 373 1
1 396 380 378 389 373 371 1
1 397 378 377 390 371 370 1
1 398 377 399 391 370 392 1
1 399 377 375 392 370 368 1
1 399 375 400 392 368 393 1
1 400 375 373 393 368 366 1
1 400 373 401 393 366 394 1
1 401 373 372 394 366 365 1
1 402 401 372 395 394 365 1
1 403 401 402 396 394 395 1
1 404 401 403 397 394 396 1
1 404 400 401 397 393 394 1
1 405 400 404 398 393 397 1
1 405 399 400 398 392 393 1
1 406 399 405 399 392 398 1
1 407 405 408 400 398 401 1
1 408 405 404 401 398 397 1
1 408 404 409 401 397 402 1
1 409 404 403 402 397 396 1
1 410 409 403 403 402 396 1
1 411 409 410 404 402 403 1
1 412 409 411 405 402 404 1
1 412 408 409 405 401 402 1
1 413 408 412 406 401 405 1
1 414 412 415 407 405 408 1
1 415 412 411 408 405 404 1
1 416 415 411 409 408 404 1
1 417 415 416 410 408 409 1
1 418 415 417 411 408 410 1
1 419 420 417 412 413 410 1
1 350 421 419 344 414 412 1
1 349 350 419 343 344 412 1
1 349 419 422 343 412 415 1
1 422 419 417 415 412 410 1
1 422 417 416 415 410 409 1
1 423 422 416 416 415 409 1
1 348 422 423 342 415 416 1
1 348 349 422 342 343 415 1
1 347 348 423 341 342 416 1
1 347 423 424 341 416 417 1
1 424 423 425 417 416 418 1
1 423 416 425 416 409 418 1
1 416 411 425 409 404 418 1
1 425 411 410 418 404 403 1
1 425 410 426 418 403 419 1
1 426 410 427 419 403 420 1
1 410 403 427 403 396 420 1
1 427 403 402 420 396 395 1
1 402 343 427 395 337 420 1
1 402 342 343 395 336 337 1
1 402 372 342 395 365 336 1
1 342 372 341 336 365 335 1
1 427 343 344 420 337 338 1
1 427 344 426 420 338 419 1
1 426 344 345 419 338 339 1
1 426 345 424 419 339 417 1
1 424 345 346 417 339 340 1
1 424 346 347 417 340 341 1
1 424 425 426 417 418 419 1
1 428 389 429 421 382 422 1
1 361 389 428 354 382 421 1
1 361 362 389 354 355 382 1
1 360 361 428 353 354 421 1
1 360 428 359 353 421 352 1
1 359 428 430 352 421 423 1
1 356 359 431 350 352 424 1
1 364 365 385 357 358 378 1
1 385 365 432 378 358 425 1
1 365 366 432 358 359 425 1
1 432 366 367 425 359 360 1
1 432 367 433 425 360 426 1
1 433 367 368 426 360 361 1
1 433 368 434 426 361 427 1
1 434 368 369 427 361 362 1
1 434 369 435 427 362 428 1
1 435 369 370 428 362 363 1
1 374 435 370 367 428 363 1
1 376 435 374 369 428 367 1
1 379 435 376 372 428 369 1
1 379 434 435 372 427 428 1
1 381 434 379 374 427 372 1
1 381 433 434 374 426 427 1
1 383 433 381 376 426 374 1
1 383 432 433 376 425 426 1
1 385 432 383 378 425 376 1
1 374 370 371 367 363 364 1
1 194 195 243 189 190 238 1
1 243 195 237 238 190 232 1
1 195 196 237 190 191 232 1
1 243 237 238 238 232 233 1
1 436 142 437 429 138 430 1
1 438 142 436 431 138 429 1
1 438 128 142 431 124 138 1
1 438 127 128 431 123 124 1
1 439 127 438 432 123 431 1
1 439 126 127 432 122 123 1
1 105 126 439 101 122 432 1
1 109 126 105 105 122 101 1
1 111 126 109 107 122 105 1
1 109 105 106 105 101 102 1
1 104 105 439 100 101 432 1
1 104 439 440 100 432 433 1
1 439 438 440 432 431 433 1
1 440 438 436 433 431 429 1
1 440 436 441 433 429 434 1
1 441 436 442 434 429 435 1
1 101 441 443 97 434 436 1
1 103 441 101 99 434 97 1
1 103 440 441 99 433 434 1
1 104 440 103 100 433 99 1

Materials: 1
"material"
0.000000 0.000000 0.000000 1.000000
1.000000 1.000000 1.000000 1.000000
1.000000 1.000000 1.000000 1.000000
0.000000 0.000000 0.000000 1.000000
0.000000
1.000000
"eggtex.png"
""

Bones: 0
GroupComments: 0
MaterialComments: 0
BoneComments: 0
ModelComment: 0
