// MilkShape 3D ASCII
// Converted from .obj by obj2ms3dascii.lua
Frames: 30
Frame: 1
Meshes: 1
"Cube" 0 0
20
0 40.000000 -40.000000 -40.000000 0.999900 0.999900 -1
0 40.000000 -40.000000 40.000000 0.000100 0.999900 -1
0 -40.000000 -40.000000 40.000000 0.000100 0.000100 -1
0 -40.000000 -40.000000 -40.000000 0.999900 0.000100 -1
0 40.000000 40.000000 -40.000000 0.999900 0.999900 -1
0 -40.000000 40.000000 -40.000000 0.000100 0.999900 -1
0 -40.000000 40.000000 40.000000 0.000100 0.000100 -1
0 40.000000 40.000000 40.000000 0.999900 0.000100 -1
0 40.000000 -40.000000 -40.000000 0.999900 0.000100 -1
0 40.000000 40.000000 40.000000 0.000100 0.999900 -1
0 40.000000 -40.000000 40.000000 0.000100 0.000100 -1
0 40.000000 -40.000000 40.000000 0.999900 0.000100 -1
0 40.000000 40.000000 40.000000 0.999900 0.999900 -1
0 -40.000000 40.000000 40.000000 0.000100 0.999900 -1
0 -40.000000 -40.000000 40.000000 0.000100 0.999900 -1
0 -40.000000 40.000000 -40.000000 0.999900 0.000100 -1
0 -40.000000 -40.000000 -40.000000 0.999900 0.999900 -1
0 40.000000 40.000000 -40.000000 0.999900 0.000100 -1
0 -40.000000 -40.000000 -40.000000 0.000100 0.999900 -1
0 -40.000000 40.000000 -40.000000 0.000100 0.000100 -1
12
-0.000000 1.000000 -0.000000
0.000000 1.000000 0.000000
-0.000000 -1.000000 0.000000
-0.000000 -1.000000 0.000000
-1.000000 0.000000 -0.000001
-1.000000 -0.000001 -0.000000
0.000001 0.000001 -1.000000
-0.000000 -0.000000 -1.000000
1.000000 -0.000000 -0.000000
1.000000 0.000000 0.000000
-0.000000 -0.000001 1.000000
-0.000001 -0.000000 1.000000
12
0 0 1 2 0 0 0 1
0 0 2 3 1 1 1 1
0 4 5 6 2 2 2 1
0 4 6 7 3 3 3 1
0 8 4 9 4 4 4 1
0 8 9 10 5 5 5 1
0 11 12 13 6 6 6 1
0 11 13 2 7 7 7 1
0 14 6 15 8 8 8 1
0 14 15 16 9 9 9 1
0 17 0 18 10 10 10 1
0 17 18 19 11 11 11 1
Materials: 1
"Material"
0.000000 0.000000 0.000000 1.000000
0.640000 0.640000 0.640000 1.000000
0.500000 0.500000 0.500000 1.000000
0.000000 0.000000 0.000000 1.000000
96.078431
1.000000
"UV.bmp"
""
Bones: 0
GroupComments: 0
MaterialComments: 0
BoneComments: 0
ModelComment: 0
