// MilkShape 3D ASCII

Frames: 30
Frame: 1

Meshes: 1
"default" 1 0
208
1 0.646447 0.353553 0.000000 0.644100 0.264200 -1
1 0.559839 0.353553 -0.323223 0.644100 0.311300 -1
1 0.433013 0.000000 -0.250000 0.694900 0.317400 -1
1 0.500000 0.000000 0.000000 0.694900 0.281000 -1
1 0.559839 -0.353553 -0.323223 0.745700 0.311300 -1
1 0.646447 -0.353553 0.000000 0.745700 0.264200 -1
1 0.000000 0.353553 0.646447 0.226000 0.604900 -1
1 -0.323223 0.353553 0.559839 0.274000 0.604900 -1
1 -0.655632 0.383733 1.193357 0.296600 0.491500 -1
1 -0.028885 0.383733 1.361293 0.203400 0.491500 -1
1 -0.559839 0.353553 0.323223 0.315700 0.632100 -1
1 -1.193357 0.383733 0.655631 0.391200 0.553300 -1
1 0.323223 0.353553 -0.559839 0.644100 0.365600 -1
1 0.250000 0.000000 -0.433013 0.694900 0.359500 -1
1 0.323223 -0.353553 -0.559839 0.745700 0.365600 -1
1 -0.646447 0.353553 -0.000000 0.339700 0.679200 -1
1 -1.361293 0.383733 0.028885 0.437800 0.644600 -1
1 -0.559839 0.353553 -0.323223 0.339700 0.733500 -1
1 -1.164472 0.383733 -0.705662 0.437800 0.768100 -1
1 0.000000 0.353553 -0.646447 0.644100 0.412700 -1
1 0.000000 0.000000 -0.500000 0.694900 0.395900 -1
1 0.000000 -0.353553 -0.646447 0.745700 0.412700 -1
1 -0.323223 0.353553 -0.559839 0.315700 0.780600 -1
1 -0.705661 0.383733 -1.164472 0.391200 0.859400 -1
1 0.000000 0.353553 -0.646447 0.274000 0.807800 -1
1 0.028885 0.383733 -1.361293 0.296600 0.921200 -1
1 0.000000 0.353553 -0.646447 0.441000 0.264200 -1
1 -0.323223 0.353553 -0.559839 0.441000 0.311300 -1
1 -0.250000 0.000000 -0.433013 0.491700 0.317400 -1
1 0.000000 0.000000 -0.500000 0.491700 0.281000 -1
1 -0.323223 -0.353553 -0.559839 0.542500 0.311300 -1
1 0.000000 -0.353553 -0.646447 0.542500 0.264200 -1
1 0.323223 0.353553 -0.559839 0.226000 0.807800 -1
1 0.655632 0.383733 -1.193357 0.203400 0.921200 -1
1 0.559839 0.353553 -0.323223 0.184300 0.780600 -1
1 1.193357 0.383733 -0.655632 0.108800 0.859400 -1
1 -0.559839 0.353553 -0.323223 0.441000 0.365600 -1
1 -0.433013 0.000000 -0.250000 0.491700 0.359500 -1
1 -0.559839 -0.353553 -0.323223 0.542500 0.365600 -1
1 0.646447 0.353553 0.000000 0.160300 0.733500 -1
1 1.361293 0.383733 -0.028885 0.062200 0.768100 -1
1 1.164472 0.383733 0.705662 0.062200 0.644600 -1
1 0.559839 0.353553 0.323223 0.160300 0.679200 -1
1 -0.646447 0.353553 -0.000000 0.441000 0.412700 -1
1 -0.500000 0.000000 -0.000000 0.491700 0.395900 -1
1 -0.646447 -0.353553 -0.000000 0.542500 0.412700 -1
1 0.323223 0.353553 0.559839 0.184300 0.632100 -1
1 0.705661 0.383733 1.164472 0.108800 0.553300 -1
1 -0.655632 -0.383733 1.193357 0.796600 0.921200 -1
1 -0.028885 -0.383733 1.361293 0.703400 0.921200 -1
1 -0.129409 -0.353553 1.836516 0.699700 1.000000 -1
1 -0.806186 -0.353553 1.655175 0.800300 1.000000 -1
1 -0.646447 0.353553 -0.000000 0.542500 0.264200 -1
1 -0.559839 0.353553 0.323223 0.542500 0.311300 -1
1 -0.433013 0.000000 0.250000 0.593300 0.317400 -1
1 -0.500000 0.000000 -0.000000 0.593300 0.281000 -1
1 -0.559839 -0.353553 0.323223 0.644100 0.311300 -1
1 -0.646447 -0.353553 -0.000000 0.644100 0.264200 -1
1 1.164472 -0.383733 0.705662 0.562200 0.768100 -1
1 0.559839 -0.353553 0.323223 0.660300 0.733500 -1
1 0.646447 -0.353553 0.000000 0.660300 0.679200 -1
1 1.361293 -0.383733 -0.028885 0.562200 0.644600 -1
1 0.559839 -0.353553 -0.323223 0.684300 0.632100 -1
1 1.193357 -0.383733 -0.655632 0.608800 0.553300 -1
1 -0.655632 -0.383733 1.193357 0.651800 0.264200 -1
1 -0.655632 0.383733 1.193357 0.651800 0.139500 -1
1 -1.193357 0.383733 0.655631 0.542500 0.139500 -1
1 -1.193357 -0.383733 0.655631 0.542500 0.264200 -1
1 -1.361293 0.383733 0.028885 0.220500 0.305700 -1
1 -1.361293 -0.383733 0.028885 0.330700 0.305700 -1
1 -1.836516 -0.353553 0.129409 0.326400 0.239600 -1
1 -1.836516 0.353553 0.129409 0.224800 0.239600 -1
1 -0.323223 0.353553 0.559839 0.542500 0.365600 -1
1 -0.250000 0.000000 0.433013 0.593300 0.359500 -1
1 -0.323223 -0.353553 0.559839 0.644100 0.365600 -1
1 0.323223 -0.353553 -0.559839 0.726000 0.604900 -1
1 0.655632 -0.383733 -1.193357 0.703400 0.491500 -1
1 0.000000 -0.353553 -0.646447 0.774000 0.604900 -1
1 0.028885 -0.383733 -1.361293 0.796600 0.491500 -1
1 -1.164472 0.383733 -0.705662 0.220500 0.412700 -1
1 -1.164472 -0.383733 -0.705662 0.330700 0.412700 -1
1 -1.030330 0.353553 -1.525765 0.449700 0.902500 -1
1 -1.525765 0.353553 -1.030331 0.500000 0.803900 -1
1 0.000000 0.353553 0.646447 0.542500 0.412700 -1
1 0.000000 0.000000 0.500000 0.593300 0.395900 -1
1 0.000000 -0.353553 0.646447 0.644100 0.412700 -1
1 -0.323223 -0.353553 -0.559839 0.815700 0.632100 -1
1 -0.705661 -0.383733 -1.164472 0.891200 0.553300 -1
1 -1.164472 -0.383733 -0.705662 0.937800 0.644600 -1
1 -0.559839 -0.353553 -0.323223 0.839700 0.679200 -1
1 -0.705661 0.383733 -1.164472 0.441000 0.412700 -1
1 0.028885 0.383733 -1.361293 0.441000 0.305700 -1
1 0.028885 -0.383733 -1.361293 0.330700 0.305700 -1
1 -0.705661 -0.383733 -1.164472 0.330700 0.412700 -1
1 0.655632 0.383733 -1.193357 0.375600 0.114900 -1
1 0.655632 -0.383733 -1.193357 0.375600 0.239600 -1
1 0.806186 -0.353553 -1.655175 0.437800 0.234700 -1
1 0.806186 0.353553 -1.655175 0.437800 0.119800 -1
1 0.000000 0.353553 0.646447 0.441000 0.115600 -1
1 0.323223 0.353553 0.559839 0.441000 0.162700 -1
1 0.250000 0.000000 0.433013 0.491700 0.168900 -1
1 0.000000 0.000000 0.500000 0.491700 0.132500 -1
1 0.323223 -0.353553 0.559839 0.542500 0.162700 -1
1 0.000000 -0.353553 0.646447 0.542500 0.115600 -1
1 -1.361293 -0.383733 0.028885 0.937800 0.768100 -1
1 -0.646447 -0.353553 -0.000000 0.839700 0.733500 -1
1 -1.193357 -0.383733 0.655631 0.891200 0.859400 -1
1 -0.559839 -0.353553 0.323223 0.815700 0.780600 -1
1 0.655632 0.383733 -1.193357 0.651800 0.264200 -1
1 1.193357 0.383733 -0.655632 0.761000 0.264200 -1
1 1.193357 -0.383733 -0.655632 0.761000 0.139500 -1
1 0.655632 -0.383733 -1.193357 0.651800 0.139500 -1
1 1.361293 0.383733 -0.028885 0.000000 0.305700 -1
1 1.361293 -0.383733 -0.028885 0.110200 0.305700 -1
1 1.836516 -0.353553 -0.129410 0.105900 0.239600 -1
1 1.836516 0.353553 -0.129410 0.004300 0.239600 -1
1 0.559839 0.353553 0.323223 0.441000 0.217100 -1
1 0.433013 0.000000 0.250000 0.491700 0.210900 -1
1 0.559839 -0.353553 0.323223 0.542500 0.217100 -1
1 -0.323223 -0.353553 0.559839 0.774000 0.807800 -1
1 0.000000 -0.353553 0.646447 0.726000 0.807800 -1
1 1.164472 0.383733 0.705662 0.000000 0.412700 -1
1 1.164472 -0.383733 0.705662 0.110200 0.412700 -1
1 1.030330 0.353553 1.525765 0.050300 0.510200 -1
1 1.525765 0.353553 1.030330 0.000000 0.608800 -1
1 0.646447 0.353553 0.000000 0.441000 0.264200 -1
1 0.500000 0.000000 0.000000 0.491700 0.247400 -1
1 0.646447 -0.353553 0.000000 0.542500 0.264200 -1
1 0.323223 -0.353553 0.559839 0.684300 0.780600 -1
1 0.705661 -0.383733 1.164472 0.608800 0.859400 -1
1 0.705661 0.383733 1.164472 0.110200 0.239600 -1
1 -0.028885 0.383733 1.361293 0.110200 0.346600 -1
1 -0.028885 -0.383733 1.361293 0.220500 0.346600 -1
1 0.705661 -0.383733 1.164472 0.220500 0.239600 -1
1 1.525765 -0.353553 1.030330 0.100600 0.239600 -1
1 1.525765 0.353553 1.030330 0.100600 0.124700 -1
1 1.030330 0.353553 1.525765 0.000000 0.124700 -1
1 1.030330 -0.353553 1.525765 0.000000 0.239600 -1
1 1.525765 -0.353553 1.030330 0.500000 0.803900 -1
1 1.030330 -0.353553 1.525765 0.550300 0.902500 -1
1 0.705661 0.383733 1.164472 0.612200 0.139500 -1
1 0.705661 -0.383733 1.164472 0.612200 0.014800 -1
1 1.030330 -0.353553 1.525765 0.542500 0.019700 -1
1 1.030330 0.353553 1.525765 0.542500 0.134600 -1
1 1.164472 -0.383733 0.705662 0.612200 0.014800 -1
1 1.164472 0.383733 0.705662 0.612200 0.139500 -1
1 1.525765 0.353553 1.030330 0.681900 0.134600 -1
1 1.525765 -0.353553 1.030330 0.681900 0.019700 -1
1 1.655174 0.353553 -0.806186 0.288400 0.124700 -1
1 1.836516 0.353553 -0.129410 0.201300 0.124700 -1
1 1.836516 -0.353553 -0.129410 0.201300 0.239600 -1
1 1.655174 -0.353553 -0.806186 0.288400 0.239600 -1
1 1.836516 0.353553 -0.129410 0.000000 0.803900 -1
1 1.655174 0.353553 -0.806186 0.050300 0.902500 -1
1 1.193357 -0.383733 -0.655632 0.124400 0.000000 -1
1 1.193357 0.383733 -0.655632 0.124400 0.124700 -1
1 1.655174 0.353553 -0.806186 0.186600 0.119800 -1
1 1.655174 -0.353553 -0.806186 0.186600 0.004900 -1
1 1.655174 -0.353553 -0.806186 0.550300 0.510200 -1
1 1.836516 -0.353553 -0.129410 0.500000 0.608800 -1
1 0.129410 0.353553 -1.836516 0.745700 0.412700 -1
1 0.806186 0.353553 -1.655175 0.832800 0.412700 -1
1 0.806186 -0.353553 -1.655175 0.832800 0.297800 -1
1 0.129410 -0.353553 -1.836516 0.745700 0.297800 -1
1 0.129410 0.353553 -1.836516 0.436600 0.239600 -1
1 0.129410 -0.353553 -1.836516 0.335100 0.239600 -1
1 0.129410 -0.353553 -1.836516 0.800300 0.412700 -1
1 0.806186 -0.353553 -1.655175 0.699700 0.412700 -1
1 0.806186 0.353553 -1.655175 0.199700 1.000000 -1
1 0.129410 0.353553 -1.836516 0.300300 1.000000 -1
1 -1.525765 0.353553 -1.030331 0.201300 0.124700 -1
1 -1.030330 0.353553 -1.525765 0.100600 0.124700 -1
1 -1.030330 -0.353553 -1.525765 0.100600 0.239600 -1
1 -1.525765 -0.353553 -1.030331 0.201300 0.239600 -1
1 -1.525765 -0.353553 -1.030331 1.000000 0.608800 -1
1 -1.030330 -0.353553 -1.525765 0.949700 0.510200 -1
1 -1.164472 -0.383733 -0.705662 0.681900 0.014800 -1
1 -1.164472 0.383733 -0.705662 0.681900 0.139500 -1
1 -1.525765 0.353553 -1.030331 0.751500 0.134600 -1
1 -1.525765 -0.353553 -1.030331 0.751500 0.019700 -1
1 -0.705661 0.383733 -1.164472 0.830700 0.149300 -1
1 -0.705661 -0.383733 -1.164472 0.830700 0.024600 -1
1 -1.030330 -0.353553 -1.525765 0.761000 0.029500 -1
1 -1.030330 0.353553 -1.525765 0.761000 0.144400 -1
1 -1.655175 0.353553 0.806186 0.848200 0.149300 -1
1 -1.836516 0.353553 0.129409 0.761000 0.149300 -1
1 -1.836516 -0.353553 0.129409 0.761000 0.264200 -1
1 -1.655175 -0.353553 0.806186 0.848200 0.264200 -1
1 -1.193357 -0.383733 0.655631 0.062200 0.000000 -1
1 -1.193357 0.383733 0.655631 0.062200 0.124700 -1
1 -1.655175 0.353553 0.806186 0.124400 0.119800 -1
1 -1.655175 -0.353553 0.806186 0.124400 0.004900 -1
1 -1.836516 0.353553 0.129409 0.500000 0.608800 -1
1 -1.655175 0.353553 0.806186 0.449700 0.510200 -1
1 -1.655175 -0.353553 0.806186 0.949700 0.902500 -1
1 -1.836516 -0.353553 0.129409 1.000000 0.803900 -1
1 -0.129409 -0.353553 1.836516 0.288400 0.124700 -1
1 -0.129409 0.353553 1.836516 0.288400 0.239600 -1
1 -0.806186 0.353553 1.655175 0.375600 0.239600 -1
1 -0.806186 -0.353553 1.655175 0.375600 0.124700 -1
1 -0.655632 0.383733 1.193357 0.062200 0.124700 -1
1 -0.655632 -0.383733 1.193357 0.062200 0.000000 -1
1 -0.806186 -0.353553 1.655175 0.000000 0.004900 -1
1 -0.806186 0.353553 1.655175 0.000000 0.119800 -1
1 -0.129409 0.353553 1.836516 0.114600 0.412700 -1
1 -0.129409 -0.353553 1.836516 0.216100 0.412700 -1
1 -0.806186 0.353553 1.655175 0.300300 0.412700 -1
1 -0.129409 0.353553 1.836516 0.199700 0.412700 -1
84
-0.896800 0.371500 0.240300
-0.896800 -0.371500 0.240300
0.011200 0.999100 -0.041700
0.031200 0.999000 -0.031200
-0.656500 0.371500 0.656500
-0.656500 -0.371500 0.656500
0.041700 0.999100 -0.011200
0.042600 0.999000 0.011400
-0.240300 0.371500 0.896800
-0.240300 -0.371500 0.896800
0.030500 0.999100 0.030500
0.011400 0.999000 0.042600
0.240300 0.371500 0.896800
0.240300 -0.371500 0.896800
-0.011200 0.999100 0.041700
-0.031200 0.999000 0.031200
0.656500 0.371500 0.656500
0.656500 -0.371500 0.656500
-0.041700 0.999100 0.011200
-0.042600 0.999000 -0.011400
0.896800 0.371500 0.240300
0.896800 -0.371500 0.240300
-0.030500 0.999100 -0.030500
-0.011400 0.999000 -0.042600
-0.016100 -0.998100 0.060000
0.896800 0.371500 -0.240300
0.896800 -0.371500 -0.240300
-0.042600 -0.999000 -0.011400
-0.041700 -0.999100 0.011200
-0.707100 0.000000 0.707100
-0.207000 0.000000 -0.978400
0.656500 0.371500 -0.656500
0.656500 -0.371500 -0.656500
-0.031200 -0.999000 0.031200
-0.011200 -0.999100 0.041700
-0.965900 0.000000 -0.258800
-0.043900 0.998100 -0.043900
0.240300 0.371500 -0.896800
0.240300 -0.371500 -0.896800
0.011400 -0.999000 0.042600
0.030500 -0.999100 0.030500
-0.258800 0.000000 -0.965900
0.950800 0.000000 0.309900
-0.240300 0.371500 -0.896800
-0.240300 -0.371500 -0.896800
0.042600 -0.999000 0.011400
0.041700 -0.999100 -0.011200
0.707100 0.000000 -0.707100
0.207000 0.000000 0.978400
-0.656500 0.371500 -0.656500
-0.656500 -0.371500 -0.656500
0.031200 -0.999000 -0.031200
0.011200 -0.999100 -0.041700
0.965900 0.000000 0.258800
0.043900 0.998100 0.043900
-0.896800 0.371500 -0.240300
-0.896800 -0.371500 -0.240300
-0.011400 -0.999000 -0.042600
-0.030500 -0.999100 -0.030500
0.258800 0.000000 0.965900
0.707100 0.000000 0.707100
0.043900 -0.998100 0.043900
-0.743800 0.000000 0.668400
0.668400 0.000000 -0.743800
0.965900 0.000000 -0.258800
0.060000 0.998100 -0.016100
-0.309900 0.000000 -0.950800
0.060000 -0.998100 -0.016100
0.258800 0.000000 -0.965900
-0.978400 0.000000 -0.207000
0.016100 -0.998100 -0.060000
0.016100 0.998100 -0.060000
-0.707100 0.000000 -0.707100
-0.043900 -0.998100 -0.043900
-0.668400 0.000000 0.743800
0.743800 0.000000 -0.668400
-0.965900 0.000000 0.258800
0.309900 0.000000 0.950800
-0.060000 0.998100 0.016100
-0.060000 -0.998100 0.016100
-0.258800 0.000000 0.965900
-0.950800 0.000000 -0.309900
0.978400 0.000000 0.207000
-0.016100 0.998100 0.060000
168
1 0 1 2 0 0 0 1
1 0 2 3 0 0 0 1
1 3 2 4 1 1 1 1
1 3 4 5 1 1 1 1
1 6 7 8 2 2 2 1
1 6 8 9 2 2 2 1
1 7 10 11 3 3 3 1
1 7 11 8 3 3 3 1
1 1 12 13 4 4 4 1
1 1 13 2 4 4 4 1
1 2 13 14 5 5 5 1
1 2 14 4 5 5 5 1
1 10 15 16 6 6 6 1
1 10 16 11 6 6 6 1
1 16 15 17 7 7 7 1
1 16 17 18 7 7 7 1
1 12 19 20 8 8 8 1
1 12 20 13 8 8 8 1
1 13 20 21 9 9 9 1
1 13 21 14 9 9 9 1
1 18 17 22 10 10 10 1
1 18 22 23 10 10 10 1
1 22 24 25 11 11 11 1
1 22 25 23 11 11 11 1
1 26 27 28 12 12 12 1
1 26 28 29 12 12 12 1
1 29 28 30 13 13 13 1
1 29 30 31 13 13 13 1
1 25 24 32 14 14 14 1
1 25 32 33 14 14 14 1
1 32 34 35 15 15 15 1
1 32 35 33 15 15 15 1
1 27 36 37 16 16 16 1
1 27 37 28 16 16 16 1
1 28 37 38 17 17 17 1
1 28 38 30 17 17 17 1
1 34 39 40 18 18 18 1
1 34 40 35 18 18 18 1
1 41 40 39 19 19 19 1
1 41 39 42 19 19 19 1
1 36 43 44 20 20 20 1
1 36 44 37 20 20 20 1
1 37 44 45 21 21 21 1
1 37 45 38 21 21 21 1
1 42 46 47 22 22 22 1
1 42 47 41 22 22 22 1
1 47 46 6 23 23 23 1
1 47 6 9 23 23 23 1
1 48 49 50 24 24 24 1
1 48 50 51 24 24 24 1
1 52 53 54 25 25 25 1
1 52 54 55 25 25 25 1
1 55 54 56 26 26 26 1
1 55 56 57 26 26 26 1
1 58 59 60 27 27 27 1
1 58 60 61 27 27 27 1
1 62 63 61 28 28 28 1
1 62 61 60 28 28 28 1
1 64 65 66 29 29 29 1
1 64 66 67 29 29 29 1
1 68 69 70 30 30 30 1
1 68 70 71 30 30 30 1
1 53 72 73 31 31 31 1
1 53 73 54 31 31 31 1
1 54 73 74 32 32 32 1
1 54 74 56 32 32 32 1
1 63 62 75 33 33 33 1
1 63 75 76 33 33 33 1
1 77 78 76 34 34 34 1
1 77 76 75 34 34 34 1
1 68 79 80 35 35 35 1
1 68 80 69 35 35 35 1
1 18 23 81 36 36 36 1
1 18 81 82 36 36 36 1
1 72 83 84 37 37 37 1
1 72 84 73 37 37 37 1
1 73 84 85 38 38 38 1
1 73 85 74 38 38 38 1
1 86 87 78 39 39 39 1
1 86 78 77 39 39 39 1
1 88 87 86 40 40 40 1
1 88 86 89 40 40 40 1
1 90 91 92 41 41 41 1
1 90 92 93 41 41 41 1
1 94 95 96 42 42 42 1
1 94 96 97 42 42 42 1
1 98 99 100 43 43 43 1
1 98 100 101 43 43 43 1
1 101 100 102 44 44 44 1
1 101 102 103 44 44 44 1
1 104 88 89 45 45 45 1
1 104 89 105 45 45 45 1
1 106 104 105 46 46 46 1
1 106 105 107 46 46 46 1
1 108 109 110 47 47 47 1
1 108 110 111 47 47 47 1
1 112 113 114 48 48 48 1
1 112 114 115 48 48 48 1
1 99 116 117 49 49 49 1
1 99 117 100 49 49 49 1
1 100 117 118 50 50 50 1
1 100 118 102 50 50 50 1
1 48 106 107 51 51 51 1
1 48 107 119 51 51 51 1
1 49 48 119 52 52 52 1
1 49 119 120 52 52 52 1
1 121 122 113 53 53 53 1
1 121 113 112 53 53 53 1
1 41 47 123 54 54 54 1
1 41 123 124 54 54 54 1
1 116 125 126 55 55 55 1
1 116 126 117 55 55 55 1
1 117 126 127 56 56 56 1
1 117 127 118 56 56 56 1
1 128 129 49 57 57 57 1
1 128 49 120 57 57 57 1
1 58 129 128 58 58 58 1
1 58 128 59 58 58 58 1
1 130 131 132 59 59 59 1
1 130 132 133 59 59 59 1
1 134 135 136 60 60 60 1
1 134 136 137 60 60 60 1
1 129 58 138 61 61 61 1
1 129 138 139 61 61 61 1
1 140 141 142 62 62 62 1
1 140 142 143 62 62 62 1
1 144 145 146 63 63 63 1
1 144 146 147 63 63 63 1
1 148 149 150 64 64 64 1
1 148 150 151 64 64 64 1
1 35 40 152 65 65 65 1
1 35 152 153 65 65 65 1
1 154 155 156 66 66 66 1
1 154 156 157 66 66 66 1
1 61 63 158 67 67 67 1
1 61 158 159 67 67 67 1
1 160 161 162 68 68 68 1
1 160 162 163 68 68 68 1
1 92 91 164 69 69 69 1
1 92 164 165 69 69 69 1
1 76 78 166 70 70 70 1
1 76 166 167 70 70 70 1
1 25 33 168 71 71 71 1
1 25 168 169 71 71 71 1
1 170 171 172 72 72 72 1
1 170 172 173 72 72 72 1
1 87 88 174 73 73 73 1
1 87 174 175 73 73 73 1
1 176 177 178 74 74 74 1
1 176 178 179 74 74 74 1
1 180 181 182 75 75 75 1
1 180 182 183 75 75 75 1
1 184 185 186 76 76 76 1
1 184 186 187 76 76 76 1
1 188 189 190 77 77 77 1
1 188 190 191 77 77 77 1
1 11 16 192 78 78 78 1
1 11 192 193 78 78 78 1
1 104 106 194 79 79 79 1
1 104 194 195 79 79 79 1
1 196 197 198 80 80 80 1
1 196 198 199 80 80 80 1
1 200 201 202 81 81 81 1
1 200 202 203 81 81 81 1
1 132 131 204 82 82 82 1
1 132 204 205 82 82 82 1
1 9 8 206 83 83 83 1
1 9 206 207 83 83 83 1

Materials: 1
"Material01"
0.200000 0.200000 0.200000 1.000000
0.800000 0.800000 0.800000 1.000000
0.000000 0.000000 0.000000 1.000000
0.000000 0.000000 0.000000 1.000000
0.000000
1.000000
"white.png"
""

Bones: 0
GroupComments: 0
MaterialComments: 0
BoneComments: 0
ModelComment: 0
