// MilkShape 3D ASCII

Frames: 30
Frame: 30

Meshes: 1
"Box03" 0 0
176
0 -256.000000 256.011261 256.000000 0.000000 0.000000 0
0 -256.000000 128.005630 256.000000 0.000000 0.250000 -1
0 -232.320023 232.330246 256.000000 0.125000 0.125000 -1
0 -0.000000 -0.000000 256.000000 0.500000 0.500000 0
0 10.718049 -10.718520 256.000000 0.562500 0.562500 -1
0 10.718049 10.718520 256.000000 0.562500 0.437500 -1
0 256.000000 208.801666 164.312927 0.125000 0.125000 -1
0 256.000000 128.005630 256.000000 0.000000 0.250000 0
0 256.000000 148.658691 186.203171 0.125000 0.250000 0
0 256.000000 -44.261089 -57.642952 0.625000 0.500000 -1
0 256.000000 -59.056400 -49.693871 0.625000 0.625000 0
0 256.000000 0.543293 -129.600006 0.750000 0.500000 -1
0 256.000000 256.011261 -256.000000 0.000000 0.000000 0
0 256.000000 0.000000 -256.000000 0.000000 0.500000 -1
0 128.000000 128.005630 -256.000000 0.250000 0.250000 -1
0 0.000000 0.000000 -256.000000 0.500000 0.500000 0
0 -128.000000 -128.005630 -256.000000 0.750000 0.750000 -1
0 -128.000000 128.005630 -256.000000 0.750000 0.250000 -1
0 -256.000000 256.011261 -256.000000 0.000000 0.000000 0
0 -256.000000 0.000000 -256.000000 0.000000 0.500000 -1
0 -256.000000 128.005630 -128.000000 0.250000 0.250000 -1
0 -256.000000 0.000000 0.000000 0.500000 0.500000 0
0 -256.000000 -128.005630 128.000000 0.750000 0.750000 -1
0 -256.000000 128.005630 128.000000 0.750000 0.250000 -1
0 -256.000000 256.011261 0.000000 0.000000 0.500000 -1
0 -128.000000 256.011261 -128.000000 0.250000 0.250000 -1
0 0.000000 256.011261 0.000000 0.500000 0.500000 0
0 128.000000 256.011261 128.000000 0.750000 0.750000 -1
0 128.000000 256.011261 -128.000000 0.750000 0.250000 -1
0 -256.000000 -256.011261 256.000000 0.000000 0.000000 0
0 -256.000000 -256.011261 0.000000 0.000000 0.500000 -1
0 -128.000000 -256.011261 128.000000 0.250000 0.250000 -1
0 0.000000 -256.011261 0.000000 0.500000 0.500000 0
0 128.000000 -256.011261 -128.000000 0.750000 0.750000 -1
0 128.000000 -256.011261 128.000000 0.750000 0.250000 -1
0 -128.000000 256.011261 256.000000 0.250000 0.000000 -1
0 -256.000000 -256.011261 256.000000 0.000000 1.000000 0
0 -128.000000 -256.011261 256.000000 0.250000 1.000000 -1
0 -232.320023 -232.330246 256.000000 0.125000 0.875000 -1
0 256.000000 256.011261 128.000000 0.250000 0.000000 -1
0 256.000000 186.912384 104.172592 0.250000 0.125000 -1
0 256.000000 146.993652 69.782188 0.375000 0.125000 -1
0 256.000000 -164.437347 208.682892 0.125000 0.875000 -1
0 256.000000 -256.011261 128.000000 0.250000 1.000000 0
0 256.000000 -186.326645 148.542557 0.250000 0.875000 0
0 0.000000 256.011261 -256.000000 0.500000 0.000000 -1
0 256.000000 -256.011261 -256.000000 0.000000 1.000000 0
0 0.000000 -256.011261 -256.000000 0.500000 1.000000 -1
0 128.000000 -128.005630 -256.000000 0.250000 0.750000 -1
0 -256.000000 256.011261 0.000000 0.500000 0.000000 -1
0 -256.000000 -256.011261 -256.000000 0.000000 1.000000 0
0 -256.000000 -256.011261 0.000000 0.500000 1.000000 -1
0 -256.000000 -128.005630 -128.000000 0.250000 0.750000 -1
0 -256.000000 256.011261 256.000000 0.000000 1.000000 0
0 0.000000 256.011261 256.000000 0.500000 1.000000 -1
0 -128.000000 256.011261 128.000000 0.250000 0.750000 -1
0 0.000000 -256.011261 256.000000 0.500000 0.000000 -1
0 -128.000000 -256.011261 -128.000000 0.250000 0.750000 -1
0 -10.718049 10.718520 256.000000 0.437500 0.437500 -1
0 -10.718049 -10.718520 256.000000 0.437500 0.562500 -1
0 -256.000000 -128.005630 256.000000 0.000000 0.750000 -1
0 -256.000000 0.000000 256.000000 0.000000 0.500000 -1
0 -232.320023 -77.443413 256.000000 0.125000 0.625000 -1
0 -232.320023 77.443413 256.000000 0.125000 0.375000 -1
0 256.000000 256.011261 256.000000 1.000000 0.000000 0
0 232.320023 232.330246 256.000000 0.875000 0.125000 -1
0 256.000000 128.005630 256.000000 1.000000 0.250000 -1
0 256.000000 -256.011261 256.000000 1.000000 1.000000 0
0 256.000000 -128.005630 256.000000 1.000000 0.750000 -1
0 232.320023 -232.330246 256.000000 0.875000 0.875000 -1
0 110.660660 -110.665527 256.000000 0.750000 0.750000 -1
0 232.320023 -77.443413 256.000000 0.875000 0.625000 -1
0 110.660660 -0.000000 256.000000 0.750000 0.500000 -1
0 256.000000 42.475018 57.465389 0.375000 0.500000 -1
0 256.000000 56.666512 49.114349 0.375000 0.375000 0
0 256.000000 -1.099371 128.512619 0.250000 0.500000 -1
0 256.000000 -128.005630 256.000000 0.000000 0.750000 -1
0 256.000000 -104.294373 186.792633 0.125000 0.750000 -1
0 256.000000 -70.758270 147.729507 0.125000 0.625000 -1
0 256.000000 -22.988659 188.652939 0.125000 0.500000 -1
0 256.000000 128.005630 -256.000000 1.000000 0.250000 -1
0 256.000000 103.991577 -186.329086 0.875000 0.250000 -1
0 256.000000 69.561035 -148.097565 0.875000 0.375000 -1
0 256.000000 -208.621582 -164.517090 0.875000 0.875000 -1
0 256.000000 -128.005630 -256.000000 1.000000 0.750000 0
0 256.000000 -148.478592 -186.407333 0.875000 0.750000 0
0 256.000000 22.432581 -189.740326 0.875000 0.500000 -1
0 -256.000000 256.011261 -256.000000 1.000000 0.000000 0
0 -256.000000 0.000000 -256.000000 1.000000 0.500000 -1
0 -256.000000 -256.011261 -256.000000 1.000000 1.000000 0
0 -256.000000 256.011261 256.000000 1.000000 0.000000 0
0 -256.000000 0.000000 256.000000 1.000000 0.500000 -1
0 -256.000000 -256.011261 256.000000 1.000000 1.000000 0
0 256.000000 256.011261 -256.000000 1.000000 0.000000 0
0 256.000000 256.011261 0.000000 1.000000 0.500000 -1
0 256.000000 256.011261 256.000000 1.000000 1.000000 0
0 256.000000 -256.011261 256.000000 1.000000 0.000000 0
0 256.000000 -256.011261 0.000000 1.000000 0.500000 -1
0 256.000000 -256.011261 -256.000000 1.000000 1.000000 0
0 128.000000 256.011261 256.000000 0.750000 0.000000 -1
0 -110.660660 110.665527 256.000000 0.250000 0.250000 -1
0 -0.000000 110.665527 256.000000 0.500000 0.250000 -1
0 -77.440002 232.330246 256.000000 0.375000 0.125000 -1
0 128.000000 -256.011261 256.000000 0.750000 1.000000 -1
0 0.000000 -256.011261 256.000000 0.500000 1.000000 -1
0 77.440002 -232.330246 256.000000 0.625000 0.875000 -1
0 -77.440002 -232.330246 256.000000 0.375000 0.875000 -1
0 256.000000 164.134552 -208.219330 0.875000 0.125000 -1
0 256.000000 256.011261 -128.000000 0.750000 0.000000 0
0 256.000000 186.023849 -148.079010 0.750000 0.125000 0
0 256.000000 55.837322 -43.453480 0.500000 0.375000 -1
0 256.000000 66.239037 -48.796249 0.625000 0.375000 0
0 256.000000 128.005630 0.000000 0.500000 0.250000 -1
0 256.000000 188.148605 21.890253 0.500000 0.125000 -1
0 256.000000 -57.559837 43.288158 0.500000 0.625000 -1
0 256.000000 -49.898438 58.203445 0.375000 0.625000 0
0 256.000000 -128.506180 -1.054133 0.500000 0.750000 -1
0 256.000000 -256.011261 -128.000000 0.750000 1.000000 -1
0 256.000000 -186.732285 -104.376755 0.750000 0.875000 -1
0 256.000000 -147.644455 -70.805725 0.625000 0.875000 -1
0 256.000000 -188.649155 -22.944387 0.500000 0.875000 -1
0 110.660660 110.665527 256.000000 0.750000 0.250000 -1
0 40.335804 40.337582 256.000000 0.625000 0.375000 -1
0 40.335804 -40.337582 256.000000 0.625000 0.625000 -1
0 0.000000 256.011261 256.000000 0.500000 0.000000 -1
0 -110.660660 -110.665527 256.000000 0.250000 0.750000 -1
0 -40.335804 -40.337582 256.000000 0.375000 0.625000 -1
0 -110.660660 -0.000000 256.000000 0.250000 0.500000 -1
0 -40.335804 40.337582 256.000000 0.375000 0.375000 -1
0 256.000000 0.000000 256.000000 1.000000 0.500000 -1
0 232.320023 77.443413 256.000000 0.875000 0.375000 -1
0 77.440002 232.330246 256.000000 0.625000 0.125000 -1
0 -0.000000 -110.665527 256.000000 0.500000 0.750000 -1
0 40.335804 -0.000000 256.000000 0.625000 0.500000 -1
0 -40.335804 -0.000000 256.000000 0.375000 0.500000 -1
0 -0.000000 40.337582 256.000000 0.500000 0.375000 -1
0 -0.000000 -40.337582 256.000000 0.500000 0.625000 -1
0 256.000000 64.002815 256.000000 0.000000 0.375000 0
0 256.000000 69.628525 234.701050 0.125000 0.375000 -1
0 256.000000 69.561028 -84.097580 0.750000 0.375000 -1
0 256.000000 256.011261 192.000000 0.125000 0.000000 -1
0 256.000000 -256.011261 64.000000 0.375000 1.000000 0
0 256.000000 -234.795959 69.552292 0.375000 0.875000 -1
0 256.000000 -70.758270 83.729507 0.250000 0.625000 -1
0 256.000000 -192.008453 256.000000 0.000000 0.875000 -1
0 256.000000 69.628525 170.701050 0.250000 0.375000 -1
0 256.000000 192.008453 -256.000000 1.000000 0.125000 -1
0 256.000000 -64.002815 -256.000000 1.000000 0.625000 0
0 256.000000 -70.342880 -235.736847 0.875000 0.625000 -1
0 256.000000 -70.342880 -171.736832 0.750000 0.625000 -1
0 256.000000 256.011261 -64.000000 0.625000 0.000000 0
0 256.000000 233.662262 -69.908104 0.625000 0.125000 -1
0 256.000000 82.990822 69.782196 0.375000 0.250000 -1
0 256.000000 169.659439 -69.908096 0.625000 0.250000 -1
0 256.000000 -83.641624 -70.805710 0.625000 0.750000 -1
0 256.000000 -256.011261 -192.000000 0.875000 1.000000 -1
0 256.000000 -170.793137 69.552277 0.375000 0.750000 -1
0 256.000000 256.011261 256.000000 0.000000 0.000000 0
0 256.000000 192.008453 256.000000 0.000000 0.125000 0
0 256.000000 -126.589310 -126.267014 0.750000 0.750000 -1
0 256.000000 256.011261 64.000000 0.375000 0.000000 -1
0 256.000000 256.011261 0.000000 0.500000 0.000000 -1
0 256.000000 -256.011261 256.000000 0.000000 1.000000 0
0 256.000000 -256.011261 192.000000 0.125000 1.000000 0
0 256.000000 126.769402 126.062851 0.250000 0.250000 -1
0 256.000000 -64.002815 256.000000 0.000000 0.625000 -1
0 256.000000 0.000000 256.000000 0.000000 0.500000 -1
0 256.000000 -126.183662 126.652306 0.250000 0.750000 -1
0 256.000000 64.002815 -256.000000 1.000000 0.375000 -1
0 256.000000 0.000000 -256.000000 1.000000 0.500000 -1
0 256.000000 -192.008453 -256.000000 1.000000 0.875000 0
0 256.000000 125.880867 -126.188759 0.750000 0.250000 -1
0 256.000000 256.011261 -192.000000 0.875000 0.000000 0
0 256.000000 -256.011261 -64.000000 0.625000 1.000000 -1
0 256.000000 -256.011261 0.000000 0.500000 1.000000 -1
0 256.000000 -0.445813 0.327024 0.500000 0.500000 0
6
0.000000 0.000000 1.000000
1.000000 0.000000 0.000000
0.000000 0.000000 -1.000000
-1.000000 0.000000 0.000000
0.000000 1.000000 0.000000
0.000000 -1.000000 0.000000
268
0 0 1 2 0 0 0 1
0 3 4 5 0 0 0 1
0 6 7 8 1 1 1 2
0 9 10 11 1 1 1 2
0 12 13 14 2 2 2 1
0 15 16 17 2 2 2 1
0 18 19 20 3 3 3 2
0 21 22 23 3 3 3 2
0 18 24 25 4 4 4 3
0 26 27 28 4 4 4 3
0 29 30 31 5 5 5 3
0 32 33 34 5 5 5 3
0 0 2 35 0 0 0 1
0 36 37 38 0 0 0 1
0 39 40 41 1 1 1 2
0 42 43 44 1 1 1 2
0 12 14 45 2 2 2 1
0 46 47 48 2 2 2 1
0 18 20 49 3 3 3 2
0 50 51 52 3 3 3 2
0 18 25 45 4 4 4 3
0 53 54 55 4 4 4 3
0 29 31 56 5 5 5 3
0 50 47 57 5 5 5 3
0 3 58 59 0 0 0 1
0 36 38 60 0 0 0 1
0 61 62 63 0 0 0 1
0 64 65 66 0 0 0 1
0 67 68 69 0 0 0 1
0 70 71 72 0 0 0 1
0 73 74 75 1 1 1 2
0 76 77 78 1 1 1 2
0 79 78 75 1 1 1 2
0 80 81 82 1 1 1 2
0 83 84 85 1 1 1 2
0 11 86 82 1 1 1 2
0 15 14 48 2 2 2 1
0 46 48 13 2 2 2 1
0 13 48 14 2 2 2 1
0 87 17 88 2 2 2 1
0 89 88 16 2 2 2 1
0 16 88 17 2 2 2 1
0 21 20 52 3 3 3 2
0 50 52 19 3 3 3 2
0 19 52 20 3 3 3 2
0 90 23 91 3 3 3 2
0 92 91 22 3 3 3 2
0 22 91 23 3 3 3 2
0 26 25 55 4 4 4 3
0 53 55 24 4 4 4 3
0 24 55 25 4 4 4 3
0 93 28 94 4 4 4 3
0 95 94 27 4 4 4 3
0 27 94 28 4 4 4 3
0 32 31 57 5 5 5 3
0 50 57 30 5 5 5 3
0 30 57 31 5 5 5 3
0 96 34 97 5 5 5 3
0 98 97 33 5 5 5 3
0 33 97 34 5 5 5 3
0 64 99 65 0 0 0 1
0 3 5 58 0 0 0 1
0 100 101 102 0 0 0 1
0 3 59 4 0 0 0 1
0 67 69 103 0 0 0 1
0 104 105 106 0 0 0 1
0 107 108 109 1 1 1 2
0 110 111 112 1 1 1 2
0 41 112 113 1 1 1 2
0 114 115 116 1 1 1 2
0 117 118 119 1 1 1 2
0 120 119 116 1 1 1 2
0 87 45 17 2 2 2 1
0 15 17 14 2 2 2 1
0 14 17 45 2 2 2 1
0 15 48 16 2 2 2 1
0 89 16 47 2 2 2 1
0 47 16 48 2 2 2 1
0 90 49 23 3 3 3 2
0 21 23 20 3 3 3 2
0 20 23 49 3 3 3 2
0 21 52 22 3 3 3 2
0 92 22 51 3 3 3 2
0 51 22 52 3 3 3 2
0 93 45 28 4 4 4 3
0 26 28 25 4 4 4 3
0 25 28 45 4 4 4 3
0 26 55 27 4 4 4 3
0 95 27 54 4 4 4 3
0 54 27 55 4 4 4 3
0 96 56 34 5 5 5 3
0 32 34 31 5 5 5 3
0 31 34 56 5 5 5 3
0 32 57 33 5 5 5 3
0 98 33 47 5 5 5 3
0 47 33 57 5 5 5 3
0 100 2 63 0 0 0 1
0 61 63 1 0 0 0 1
0 1 63 2 0 0 0 1
0 121 122 72 0 0 0 1
0 70 72 123 0 0 0 1
0 123 72 122 0 0 0 1
0 124 35 102 0 0 0 1
0 100 102 2 0 0 0 1
0 2 102 35 0 0 0 1
0 125 38 106 0 0 0 1
0 104 106 37 0 0 0 1
0 37 106 38 0 0 0 1
0 125 126 127 0 0 0 1
0 100 127 128 0 0 0 1
0 128 127 126 0 0 0 1
0 61 60 62 0 0 0 1
0 125 62 38 0 0 0 1
0 38 62 60 0 0 0 1
0 100 63 127 0 0 0 1
0 125 127 62 0 0 0 1
0 62 127 63 0 0 0 1
0 129 66 130 0 0 0 1
0 121 130 65 0 0 0 1
0 65 130 66 0 0 0 1
0 70 69 71 0 0 0 1
0 129 71 68 0 0 0 1
0 68 71 69 0 0 0 1
0 121 72 130 0 0 0 1
0 129 130 71 0 0 0 1
0 71 130 72 0 0 0 1
0 121 65 131 0 0 0 1
0 124 131 99 0 0 0 1
0 99 131 65 0 0 0 1
0 100 128 101 0 0 0 1
0 121 101 122 0 0 0 1
0 122 101 128 0 0 0 1
0 124 102 131 0 0 0 1
0 121 131 101 0 0 0 1
0 101 131 102 0 0 0 1
0 70 123 132 0 0 0 1
0 125 132 126 0 0 0 1
0 126 132 123 0 0 0 1
0 104 103 105 0 0 0 1
0 70 105 69 0 0 0 1
0 69 105 103 0 0 0 1
0 125 106 132 0 0 0 1
0 70 132 105 0 0 0 1
0 105 132 106 0 0 0 1
0 122 5 133 0 0 0 1
0 123 133 4 0 0 0 1
0 4 133 5 0 0 0 1
0 126 59 134 0 0 0 1
0 128 134 58 0 0 0 1
0 58 134 59 0 0 0 1
0 128 58 135 0 0 0 1
0 122 135 5 0 0 0 1
0 5 135 58 0 0 0 1
0 123 4 136 0 0 0 1
0 126 136 59 0 0 0 1
0 59 136 4 0 0 0 1
0 7 137 138 1 1 1 2
0 111 11 139 1 1 1 2
0 140 6 39 1 1 1 2
0 43 141 142 1 1 1 2
0 115 75 143 1 1 1 2
0 144 42 76 1 1 1 2
0 138 75 145 1 1 1 2
0 146 107 80 1 1 1 2
0 84 147 148 1 1 1 2
0 149 148 11 1 1 1 2
0 108 150 151 1 1 1 2
0 74 112 152 1 1 1 2
0 112 153 151 1 1 1 2
0 10 116 154 1 1 1 2
0 155 83 117 1 1 1 2
0 142 116 156 1 1 1 2
0 157 158 6 1 1 1 2
0 10 159 149 1 1 1 2
0 160 41 161 1 1 1 2
0 162 163 42 1 1 1 2
0 74 164 145 1 1 1 2
0 165 78 166 1 1 1 2
0 78 167 143 1 1 1 2
0 168 82 169 1 1 1 2
0 98 170 83 1 1 1 2
0 139 82 171 1 1 1 2
0 93 172 107 1 1 1 2
0 111 171 153 1 1 1 2
0 164 152 41 1 1 1 2
0 115 167 156 1 1 1 2
0 173 119 174 1 1 1 2
0 119 159 154 1 1 1 2
0 8 138 164 1 1 1 2
0 175 9 111 1 1 1 2
0 6 164 40 1 1 1 2
0 44 142 167 1 1 1 2
0 175 73 115 1 1 1 2
0 42 167 77 1 1 1 2
0 166 79 138 1 1 1 2
0 107 171 81 1 1 1 2
0 85 148 159 1 1 1 2
0 148 169 86 1 1 1 2
0 109 151 171 1 1 1 2
0 175 110 74 1 1 1 2
0 113 151 161 1 1 1 2
0 175 114 10 1 1 1 2
0 83 159 118 1 1 1 2
0 174 120 142 1 1 1 2
0 6 8 164 1 1 1 2
0 175 10 9 1 1 1 2
0 40 164 41 1 1 1 2
0 42 44 167 1 1 1 2
0 175 74 73 1 1 1 2
0 77 167 78 1 1 1 2
0 166 78 79 1 1 1 2
0 81 171 82 1 1 1 2
0 83 85 159 1 1 1 2
0 86 169 82 1 1 1 2
0 107 109 171 1 1 1 2
0 175 111 110 1 1 1 2
0 41 113 161 1 1 1 2
0 175 115 114 1 1 1 2
0 118 159 119 1 1 1 2
0 174 119 120 1 1 1 2
0 137 166 138 1 1 1 2
0 111 139 171 1 1 1 2
0 157 6 140 1 1 1 2
0 141 174 142 1 1 1 2
0 115 143 167 1 1 1 2
0 162 42 144 1 1 1 2
0 138 145 164 1 1 1 2
0 93 107 146 1 1 1 2
0 147 169 148 1 1 1 2
0 159 148 149 1 1 1 2
0 150 161 151 1 1 1 2
0 74 152 164 1 1 1 2
0 153 171 151 1 1 1 2
0 10 154 159 1 1 1 2
0 98 83 155 1 1 1 2
0 142 156 167 1 1 1 2
0 158 7 6 1 1 1 2
0 10 149 11 1 1 1 2
0 39 41 160 1 1 1 2
0 163 43 42 1 1 1 2
0 74 145 75 1 1 1 2
0 76 78 165 1 1 1 2
0 78 143 75 1 1 1 2
0 80 82 168 1 1 1 2
0 170 84 83 1 1 1 2
0 11 82 139 1 1 1 2
0 172 108 107 1 1 1 2
0 111 153 112 1 1 1 2
0 152 112 41 1 1 1 2
0 115 156 116 1 1 1 2
0 117 119 173 1 1 1 2
0 119 154 116 1 1 1 2
0 7 138 8 1 1 1 2
0 9 11 111 1 1 1 2
0 6 40 39 1 1 1 2
0 43 142 44 1 1 1 2
0 73 75 115 1 1 1 2
0 42 77 76 1 1 1 2
0 79 75 138 1 1 1 2
0 107 81 80 1 1 1 2
0 84 148 85 1 1 1 2
0 148 86 11 1 1 1 2
0 108 151 109 1 1 1 2
0 110 112 74 1 1 1 2
0 112 151 113 1 1 1 2
0 114 116 10 1 1 1 2
0 83 118 117 1 1 1 2
0 120 116 142 1 1 1 2

Materials: 1
"Material04"
0.200000 0.200000 0.200000 1.000000
0.800000 0.800000 0.800000 1.000000
0.000000 0.000000 0.000000 1.000000
0.000000 0.000000 0.000000 1.000000
0.000000
1.000000
"bg.png"
""

Bones: 1
"tang_j001"
""
8 0.000000 0.000000 0.000000 0.000000 -0.000000 0.000000
9
1.000000 0.000000 0.000000 0.000000
6.000000 0.000000 0.000000 0.000000
12.000000 0.000000 0.000000 0.000000
16.000000 0.000000 0.000000 0.000000
20.000000 0.000000 0.000000 0.000000
25.000000 0.000000 0.000000 0.000000
27.000000 0.000000 0.000000 0.000000
29.000000 0.000000 0.000000 0.000000
30.000000 0.000000 0.000000 0.000000
9
1.000000 0.000000 -0.000000 0.000000
6.000000 0.000000 -0.000000 0.000000
12.000000 0.000000 -0.000000 0.000000
16.000000 0.000000 -0.000000 0.000000
20.000000 0.000000 -0.000000 0.000000
25.000000 0.000000 -0.000000 0.000000
27.000000 0.000000 -0.000000 0.000000
29.000000 0.000000 -0.000000 0.000000
30.000000 0.000000 -0.000000 0.000000
GroupComments: 0
MaterialComments: 0
BoneComments: 0
ModelComment: 0
